topdown_KCC_26_41.bmp -0.86634 50.8042
topdown_KCC_26_41.bmp 0.98534
topdown_KCC_26_41.bmp 119.452 19.3411
topdown_KCC_26_41.bmp 119.339 20.6557
topdown_KCC_26_41.bmp 5.64248e+11 7.69715e+11 4.97374e+11 7.0827e+11 4.747e+11 6.77643e+11 4.65493e+11 6.5545e+11 4.60325e+11 6.43375e+11 4.58296e+11 6.37714e+11 4.60198e+11 6.41994e+11 4.65574e+11 6.44295e+11 4.71352e+11 6.47886e+11 4.74579e+11 6.51592e+11 
topdown_KCC_26_41.bmp 6.53334e+11 8.44277e+11 6.24991e+11 8.28583e+11 5.92358e+11 8.00934e+11 5.66439e+11 7.72228e+11 5.42522e+11 7.57946e+11 5.24389e+11 7.40044e+11 5.11056e+11 7.24397e+11 4.98903e+11 7.10378e+11 4.92581e+11 7.05141e+11 4.8371e+11 6.94429e+11 4.78867e+11 6.84724e+11 4.75564e+11 6.7888e+11 4.72538e+11 6.72224e+11 4.70549e+11 6.66901e+11 4.6745e+11 6.60793e+11 4.6558e+11 6.56621e+11 4.63973e+11 6.52121e+11 4.63968e+11 6.51738e+11 4.61143e+11 6.46783e+11 4.59769e+11 6.4375e+11 4.6015e+11 6.42551e+11 4.58875e+11 6.40123e+11 4.59201e+11 6.38147e+11 4.58747e+11 6.39077e+11 4.59015e+11 6.39432e+11 4.58786e+11 6.38414e+11 4.59419e+11 6.42288e+11 4.59126e+11 6.40146e+11 4.61138e+11 6.42197e+11 4.61943e+11 6.41843e+11 4.63e+11 6.41505e+11 4.64508e+11 6.42555e+11 4.66424e+11 6.45518e+11 4.67357e+11 6.45681e+11 4.69123e+11 6.46745e+11 4.70536e+11 6.47458e+11 4.71885e+11 6.48139e+11 4.73373e+11 6.49485e+11 4.74067e+11 6.50207e+11 4.74675e+11 6.50889e+11 
topdown_KCC_26_41.bmp 4.74573e+11 6.5159e+11
topdown_KCC_26_41.bmp 4.31712e+11 5.64545e+11
topdown_KCC_26_41.bmp 216.464 127.696
topdown_KCC_26_41.bmp 1.54297 0.517805
topdown_KCC_26_41.bmp 311.444 184.771
topdown_KCC_26_41.bmp -0.880487 48.9254
topdown_KCC_26_41.bmp 293.468 165.687
topdown_KCC_26_41.bmp 1.61562 0.588529
topdown_KCC_26_41.bmp 116.838 63.9137
topdown_KCC_26_41.bmp 1.10688 0.398566
topdown_KCC_26_41.bmp 258.76 151.25
topdown_KCC_26_41.bmp 0 27 165 320 304 271 191 78 44 22 6 2 0 1 1 4 1 2 0 1 0 0 0 0 0 1 
topdown_KCC_26_41.bmp 0.958174 0.034621
topdown_KCC_26_41.bmp 0.926776 0.0402618
topdown_KCC_26_41.bmp 0 0 0 0 0 0 0 0 0 0 0 29 29 28 48 69 80 111 157 180 252 288 253 138 31 12 
topdown_KCC_26_41.bmp 79 182 211 203 225 214 200 152 103 71 32 11 8 5 4 4 1 
topdown_KCC_26_41.bmp 0.658713 0.11669
topdown_KCC_26_41.bmp 55711.9 57198.1
topdown_KCC_26_41.bmp 0 0 0 0 0 0 0 0 0 0 0 0 0 19 27 26 36 57 76 95 139 156 242 253 296 189 75 15 4 
topdown_KCC_26_41.bmp 61799.1 49811.2 139213
topdown_KCC_26_41.bmp 183788 64704.5 145597 60070.9 123743 58067.5 108142 57136.9 95784.3 56801.4 85422.5 56807.7 76509.4 56956.5 68686.7 57161.4 61845 57264.4 55874.3 57203.7 
topdown_KCC_26_41.bmp 285366 43804.7 205901 6387.74 188348 4249.48 169982 2777.53 161481 2280.08 153902 1910.82 148537 1685.17 139212 1352.33 132129 1142.18 126936 1007.93 
topdown_KCC_26_41.bmp 259967 73224.2 214248 69390.2 191016 65582.6 174787 63383.9 162565 61757.2 152422 60774.6 143999 59934.7 136742 59261.7 130443 58646.3 124805 58152.8 119672 57774.8 114977 57465.9 110595 57261.6 106581 57044.8 102783 56914.6 99210.6 56818.6 95784.3 56801.4 92540.6 56798.6 89470.9 56797.4 86553.7 56801.3 83752.5 56830.9 81079.6 56859.4 78515 56896.3 76015.9 56973.7 73612.4 57051.2 71314.7 57110.9 69116.7 57153.1 66997.7 57193.3 64955.1 57228.5 62990.2 57253 61098.5 57267.2 59285.7 57261.9 57543.1 57242.8 55874.3 57203.7 
topdown_KCC_26_41.bmp 274.915 171.701
topdown_KCC_26_41.bmp 140.7 94.5101
topdown_KCC_26_41.bmp 140.46 93.9067
topdown_KCC_26_41.bmp 259.074 132.355
topdown_KCC_26_41.bmp 4.32149 4.52641
topdown_KCC_26_41.bmp 4.32149 4.52641
topdown_KCC_26_41.bmp 561 728 966 997 1030 1066 1105 1148 1199 1259 1331 1430 1705 
topdown_KCC_26_41.bmp 1705 1705 1705 1705 3767 1441 4816 733311 4079 1688
topdown_KCC_26_41.bmp 3759 643303
topdown_KCC_26_41.bmp 3.16746 1.54105 2.78908 1.52116 2.36413 1.51685 2.31613 1.51695 2.26641 1.51726 2.21347 1.51808 2.15843 1.51856 2.09958 1.51944 2.03143 1.52153 1.95468 1.52396 1.86789 1.52597 1.75633 1.528 1.48787 1.52757 
topdown_KCC_26_41.bmp 2.77323 2.79001
topdown_KCC_26_41.bmp 4.31712e+11 5.64545e+11
topdown_KCC_26_41.bmp -0.86634 50.8042
topdown_KCC_26_41.bmp 0.98534
topdown_KCC_26_41.bmp 119.452 19.3411
topdown_KCC_26_41.bmp 119.339 20.6557
topdown_KCC_26_41.bmp 5.64248e+11 7.69715e+11 4.97374e+11 7.0827e+11 4.747e+11 6.77643e+11 4.65493e+11 6.5545e+11 4.60325e+11 6.43375e+11 4.58296e+11 6.37714e+11 4.60198e+11 6.41994e+11 4.65574e+11 6.44295e+11 4.71352e+11 6.47886e+11 4.74579e+11 6.51592e+11 
topdown_KCC_26_41.bmp 6.53334e+11 8.44277e+11 6.24991e+11 8.28583e+11 5.92358e+11 8.00934e+11 5.66439e+11 7.72228e+11 5.42522e+11 7.57946e+11 5.24389e+11 7.40044e+11 5.11056e+11 7.24397e+11 4.98903e+11 7.10378e+11 4.92581e+11 7.05141e+11 4.8371e+11 6.94429e+11 4.78867e+11 6.84724e+11 4.75564e+11 6.7888e+11 4.72538e+11 6.72224e+11 4.70549e+11 6.66901e+11 4.6745e+11 6.60793e+11 4.6558e+11 6.56621e+11 4.63973e+11 6.52121e+11 4.63968e+11 6.51738e+11 4.61143e+11 6.46783e+11 4.59769e+11 6.4375e+11 4.6015e+11 6.42551e+11 4.58875e+11 6.40123e+11 4.59201e+11 6.38147e+11 4.58747e+11 6.39077e+11 4.59015e+11 6.39432e+11 4.58786e+11 6.38414e+11 4.59419e+11 6.42288e+11 4.59126e+11 6.40146e+11 4.61138e+11 6.42197e+11 4.61943e+11 6.41843e+11 4.63e+11 6.41505e+11 4.64508e+11 6.42555e+11 4.66424e+11 6.45518e+11 4.67357e+11 6.45681e+11 4.69123e+11 6.46745e+11 4.70536e+11 6.47458e+11 4.71885e+11 6.48139e+11 4.73373e+11 6.49485e+11 4.74067e+11 6.50207e+11 4.74675e+11 6.50889e+11 
topdown_KCC_26_41.bmp 4.74573e+11 6.5159e+11
topdown_KCC_26_41.bmp 4.31712e+11 5.64545e+11
topdown_KCC_26_41.bmp 216.464 127.696
topdown_KCC_26_41.bmp 1.54297 0.517805
topdown_KCC_26_41.bmp 311.444 184.771
topdown_KCC_26_41.bmp -0.880487 48.9254
topdown_KCC_26_41.bmp 293.468 165.687
topdown_KCC_26_41.bmp 1.61562 0.588529
topdown_KCC_26_41.bmp 116.838 63.9137
topdown_KCC_26_41.bmp 1.10688 0.398566
topdown_KCC_26_41.bmp 258.76 151.25
topdown_KCC_26_41.bmp 0 27 165 320 304 271 191 78 44 22 6 2 0 1 1 4 1 2 0 1 0 0 0 0 0 1 
topdown_KCC_26_41.bmp 0.958174 0.034621
topdown_KCC_26_41.bmp 0.926776 0.0402618
topdown_KCC_26_41.bmp 0 0 0 0 0 0 0 0 0 0 0 29 29 28 48 69 80 111 157 180 252 288 253 138 31 12 
topdown_KCC_26_41.bmp 79 182 211 203 225 214 200 152 103 71 32 11 8 5 4 4 1 
topdown_KCC_26_41.bmp 0.658713 0.11669
topdown_KCC_26_41.bmp 55711.9 57198.1
topdown_KCC_26_41.bmp 0 0 0 0 0 0 0 0 0 0 0 0 0 19 27 26 36 57 76 95 139 156 242 253 296 189 75 15 4 
topdown_KCC_26_41.bmp 61799.1 49811.2 139213
topdown_KCC_26_41.bmp 183788 64704.5 145597 60070.9 123743 58067.5 108142 57136.9 95784.3 56801.4 85422.5 56807.7 76509.4 56956.5 68686.7 57161.4 61845 57264.4 55874.3 57203.7 
topdown_KCC_26_41.bmp 285366 43804.7 205901 6387.74 188348 4249.48 169982 2777.53 161481 2280.08 153902 1910.82 148537 1685.17 139212 1352.33 132129 1142.18 126936 1007.93 
topdown_KCC_26_41.bmp 259967 73224.2 214248 69390.2 191016 65582.6 174787 63383.9 162565 61757.2 152422 60774.6 143999 59934.7 136742 59261.7 130443 58646.3 124805 58152.8 119672 57774.8 114977 57465.9 110595 57261.6 106581 57044.8 102783 56914.6 99210.6 56818.6 95784.3 56801.4 92540.6 56798.6 89470.9 56797.4 86553.7 56801.3 83752.5 56830.9 81079.6 56859.4 78515 56896.3 76015.9 56973.7 73612.4 57051.2 71314.7 57110.9 69116.7 57153.1 66997.7 57193.3 64955.1 57228.5 62990.2 57253 61098.5 57267.2 59285.7 57261.9 57543.1 57242.8 55874.3 57203.7 
topdown_KCC_26_41.bmp 274.915 171.701
topdown_KCC_26_41.bmp 140.7 94.5101
topdown_KCC_26_41.bmp 140.46 93.9067
topdown_KCC_26_41.bmp 259.074 132.355
topdown_KCC_26_41.bmp 4.32149 4.52641
topdown_KCC_26_41.bmp 4.32149 4.52641
topdown_KCC_26_41.bmp 561 728 966 997 1030 1066 1105 1148 1199 1259 1331 1430 1705 
topdown_KCC_26_41.bmp 1705 1705 1705 1705 3767 1441 4816 733311 4079 1688
topdown_KCC_26_41.bmp 3759 643303
topdown_KCC_26_41.bmp 3.16746 1.54105 2.78908 1.52116 2.36413 1.51685 2.31613 1.51695 2.26641 1.51726 2.21347 1.51808 2.15843 1.51856 2.09958 1.51944 2.03143 1.52153 1.95468 1.52396 1.86789 1.52597 1.75633 1.528 1.48787 1.52757 
topdown_KCC_26_41.bmp 2.77323 2.79001
topdown_KCC_26_41.bmp 4.31712e+11 5.64545e+11
topdown_KCC_26_41.bmp -0.86634 50.8042
topdown_KCC_26_41.bmp 0.98534
topdown_KCC_26_41.bmp 119.452 19.3411
topdown_KCC_26_41.bmp 119.339 20.6557
topdown_KCC_26_41.bmp 5.64248e+11 7.69715e+11 4.97374e+11 7.0827e+11 4.747e+11 6.77643e+11 4.65493e+11 6.5545e+11 4.60325e+11 6.43375e+11 4.58296e+11 6.37714e+11 4.60198e+11 6.41994e+11 4.65574e+11 6.44295e+11 4.71352e+11 6.47886e+11 4.74579e+11 6.51592e+11 
topdown_KCC_26_41.bmp 6.53334e+11 8.44277e+11 6.24991e+11 8.28583e+11 5.92358e+11 8.00934e+11 5.66439e+11 7.72228e+11 5.42522e+11 7.57946e+11 5.24389e+11 7.40044e+11 5.11056e+11 7.24397e+11 4.98903e+11 7.10378e+11 4.92581e+11 7.05141e+11 4.8371e+11 6.94429e+11 4.78867e+11 6.84724e+11 4.75564e+11 6.7888e+11 4.72538e+11 6.72224e+11 4.70549e+11 6.66901e+11 4.6745e+11 6.60793e+11 4.6558e+11 6.56621e+11 4.63973e+11 6.52121e+11 4.63968e+11 6.51738e+11 4.61143e+11 6.46783e+11 4.59769e+11 6.4375e+11 4.6015e+11 6.42551e+11 4.58875e+11 6.40123e+11 4.59201e+11 6.38147e+11 4.58747e+11 6.39077e+11 4.59015e+11 6.39432e+11 4.58786e+11 6.38414e+11 4.59419e+11 6.42288e+11 4.59126e+11 6.40146e+11 4.61138e+11 6.42197e+11 4.61943e+11 6.41843e+11 4.63e+11 6.41505e+11 4.64508e+11 6.42555e+11 4.66424e+11 6.45518e+11 4.67357e+11 6.45681e+11 4.69123e+11 6.46745e+11 4.70536e+11 6.47458e+11 4.71885e+11 6.48139e+11 4.73373e+11 6.49485e+11 4.74067e+11 6.50207e+11 4.74675e+11 6.50889e+11 
topdown_KCC_26_41.bmp 4.74573e+11 6.5159e+11
topdown_KCC_26_41.bmp 4.31712e+11 5.64545e+11
topdown_KCC_26_41.bmp 216.464 127.696
topdown_KCC_26_41.bmp 1.54297 0.517805
topdown_KCC_26_41.bmp 311.444 184.771
topdown_KCC_26_41.bmp -0.880487 48.9254
topdown_KCC_26_41.bmp 293.468 165.687
topdown_KCC_26_41.bmp 1.61562 0.588529
topdown_KCC_26_41.bmp 116.838 63.9137
topdown_KCC_26_41.bmp 1.10688 0.398566
topdown_KCC_26_41.bmp 258.76 151.25
topdown_KCC_26_41.bmp 0 27 165 320 304 271 191 78 44 22 6 2 0 1 1 4 1 2 0 1 0 0 0 0 0 1 
topdown_KCC_26_41.bmp 0.958174 0.034621
topdown_KCC_26_41.bmp 0.926776 0.0402618
topdown_KCC_26_41.bmp 0 0 0 0 0 0 0 0 0 0 0 29 29 28 48 69 80 111 157 180 252 288 253 138 31 12 
topdown_KCC_26_41.bmp 79 182 211 203 225 214 200 152 103 71 32 11 8 5 4 4 1 
topdown_KCC_26_41.bmp 0.658713 0.11669
topdown_KCC_26_41.bmp 55711.9 57198.1
topdown_KCC_26_41.bmp 0 0 0 0 0 0 0 0 0 0 0 0 0 19 27 26 36 57 76 95 139 156 242 253 296 189 75 15 4 
topdown_KCC_26_41.bmp 61799.1 49811.2 139213
topdown_KCC_26_41.bmp 183788 64704.5 145597 60070.9 123743 58067.5 108142 57136.9 95784.3 56801.4 85422.5 56807.7 76509.4 56956.5 68686.7 57161.4 61845 57264.4 55874.3 57203.7 
topdown_KCC_26_41.bmp 285366 43804.7 205901 6387.74 188348 4249.48 169982 2777.53 161481 2280.08 153902 1910.82 148537 1685.17 139212 1352.33 132129 1142.18 126936 1007.93 
topdown_KCC_26_41.bmp 259967 73224.2 214248 69390.2 191016 65582.6 174787 63383.9 162565 61757.2 152422 60774.6 143999 59934.7 136742 59261.7 130443 58646.3 124805 58152.8 119672 57774.8 114977 57465.9 110595 57261.6 106581 57044.8 102783 56914.6 99210.6 56818.6 95784.3 56801.4 92540.6 56798.6 89470.9 56797.4 86553.7 56801.3 83752.5 56830.9 81079.6 56859.4 78515 56896.3 76015.9 56973.7 73612.4 57051.2 71314.7 57110.9 69116.7 57153.1 66997.7 57193.3 64955.1 57228.5 62990.2 57253 61098.5 57267.2 59285.7 57261.9 57543.1 57242.8 55874.3 57203.7 
topdown_KCC_26_41.bmp 274.915 171.701
topdown_KCC_26_41.bmp 140.7 94.5101
topdown_KCC_26_41.bmp 140.46 93.9067
topdown_KCC_26_41.bmp 259.074 132.355
topdown_KCC_26_41.bmp 4.32149 4.52641
topdown_KCC_26_41.bmp 4.32149 4.52641
topdown_KCC_26_41.bmp 561 728 966 997 1030 1066 1105 1148 1199 1259 1331 1430 1705 
topdown_KCC_26_41.bmp 1705 1705 1705 1705 3767 1441 4816 733311 4079 1688
topdown_KCC_26_41.bmp 3759 643303
topdown_KCC_26_41.bmp 3.16746 1.54105 2.78908 1.52116 2.36413 1.51685 2.31613 1.51695 2.26641 1.51726 2.21347 1.51808 2.15843 1.51856 2.09958 1.51944 2.03143 1.52153 1.95468 1.52396 1.86789 1.52597 1.75633 1.528 1.48787 1.52757 
topdown_KCC_26_41.bmp 2.77323 2.79001
