topdown_KCC_26_51.bmp 4.60852e+11 6.36722e+11 4.02264e+11 5.78232e+11 3.76716e+11 5.42829e+11 3.66983e+11 5.2658e+11 3.60573e+11 5.1414e+11 3.58029e+11 5.06469e+11 3.58844e+11 5.04286e+11 3.63641e+11 5.1717e+11 3.67888e+11 5.19994e+11 3.71541e+11 5.21677e+11 
topdown_KCC_32_31.bmp 6.76843e+11 9.56467e+11 6.35294e+11 8.90171e+11 6.2005e+11 8.56534e+11 6.07219e+11 8.29505e+11 6.06604e+11 8.20822e+11 6.11259e+11 8.3166e+11 6.17996e+11 8.35507e+11 6.22657e+11 8.36787e+11 6.25838e+11 8.33895e+11 6.25411e+11 8.32934e+11 
topdown_KCC_26_31.bmp 5.54947e+11 7.38161e+11 4.94764e+11 6.77566e+11 4.73768e+11 6.54697e+11 4.68063e+11 6.54765e+11 4.63014e+11 6.46714e+11 4.60216e+11 6.45841e+11 4.61195e+11 6.4962e+11 4.66444e+11 6.53104e+11 4.72336e+11 6.5692e+11 4.75269e+11 6.5972e+11 
topdown_KCC_32_61.bmp 6.28173e+11 8.42453e+11 5.93873e+11 7.91318e+11 5.80415e+11 7.72821e+11 5.74743e+11 7.56552e+11 5.71593e+11 7.47121e+11 5.71536e+11 7.41617e+11 5.7325e+11 7.39796e+11 5.76448e+11 7.40088e+11 5.78515e+11 7.3807e+11 5.80258e+11 7.39293e+11 
topdown_KCC_32_51.bmp 6.18877e+11 8.44626e+11 5.7886e+11 7.98298e+11 5.58055e+11 7.73259e+11 5.44883e+11 7.55914e+11 5.37896e+11 7.42134e+11 5.3305e+11 7.35241e+11 5.35531e+11 7.37797e+11 5.39663e+11 7.3974e+11 5.43604e+11 7.41813e+11 5.46522e+11 7.43455e+11 
topdown_KCC_26_71.bmp 5.25881e+11 6.99378e+11 4.62753e+11 6.4341e+11 4.30017e+11 6.13013e+11 4.13036e+11 5.92021e+11 4.01287e+11 5.7516e+11 3.98177e+11 5.76606e+11 3.98689e+11 5.76988e+11 3.99675e+11 5.7431e+11 4.02512e+11 5.75267e+11 4.06079e+11 5.7909e+11 
topdown_KCC_32_21.bmp 5.86796e+11 8.25769e+11 5.52883e+11 7.81829e+11 5.4031e+11 7.6527e+11 5.27763e+11 7.42174e+11 5.22802e+11 7.31965e+11 5.20761e+11 7.27605e+11 5.24548e+11 7.33311e+11 5.28376e+11 7.42652e+11 5.30588e+11 7.41884e+11 5.32934e+11 7.41659e+11 
topdown_KCC_26_41.bmp 5.64248e+11 7.69715e+11 4.97374e+11 7.0827e+11 4.747e+11 6.77643e+11 4.65493e+11 6.5545e+11 4.60325e+11 6.43375e+11 4.58296e+11 6.37714e+11 4.60198e+11 6.41994e+11 4.65574e+11 6.44295e+11 4.71352e+11 6.47886e+11 4.74579e+11 6.51592e+11 
topdown_KCC_26_81.bmp 6.47809e+11 8.43125e+11 5.88559e+11 8.05841e+11 5.59882e+11 7.74703e+11 5.34067e+11 7.47553e+11 5.22144e+11 7.32071e+11 5.12889e+11 7.21542e+11 5.11725e+11 7.19076e+11 5.10982e+11 7.14053e+11 5.13024e+11 7.10554e+11 5.1504e+11 7.11796e+11 
topdown_KCC_32_41.bmp 5.47287e+11 7.31479e+11 5.27612e+11 7.11644e+11 5.33301e+11 7.09916e+11 5.43931e+11 7.2073e+11 5.55319e+11 7.29012e+11 5.65675e+11 7.34934e+11 5.7673e+11 7.46443e+11 5.83417e+11 7.49296e+11 5.88187e+11 7.50336e+11 5.89213e+11 7.52188e+11 
topdown_KCC_32_71.bmp 5.8775e+11 8.12459e+11 5.5718e+11 7.49139e+11 5.49893e+11 7.35419e+11 5.48229e+11 7.23693e+11 5.52736e+11 7.23459e+11 5.61002e+11 7.27e+11 5.7112e+11 7.3629e+11 5.79545e+11 7.41225e+11 5.85071e+11 7.44015e+11 5.85659e+11 7.45861e+11 
topdown_KCC_58_41.bmp 5.38494e+11 7.45222e+11 5.39815e+11 7.30813e+11 5.36318e+11 7.34152e+11 5.36223e+11 7.24046e+11 5.31895e+11 7.13953e+11 5.32191e+11 7.11328e+11 5.43739e+11 7.36374e+11 5.52127e+11 7.51151e+11 5.59152e+11 7.63698e+11 5.60588e+11 7.65826e+11 
topdown_KCC_57a_01.bmp 6.52689e+11 9.74286e+11 6.76697e+11 9.85903e+11 7.0559e+11 9.97394e+11 7.22002e+11 1.01014e+12 7.52362e+11 1.06229e+12 7.70825e+11 1.07772e+12 7.82795e+11 1.09138e+12 7.89529e+11 1.09475e+12 7.9403e+11 1.09873e+12 7.93767e+11 1.10423e+12 
topdown_KCC_66_12.bmp 6.74727e+11 9.47359e+11 6.44332e+11 8.713e+11 6.30239e+11 8.40153e+11 6.27689e+11 8.32614e+11 6.26052e+11 8.31224e+11 6.2592e+11 8.28131e+11 6.28393e+11 8.26744e+11 6.30054e+11 8.22873e+11 6.3347e+11 8.22136e+11 6.32761e+11 8.22169e+11 
topdown_KCC_66_02.bmp 5.94293e+11 8.53991e+11 5.85787e+11 8.24278e+11 5.85651e+11 8.0778e+11 5.89564e+11 8.05212e+11 5.97069e+11 8.10788e+11 6.10164e+11 8.35574e+11 6.28046e+11 8.6753e+11 6.38935e+11 8.81746e+11 6.47276e+11 8.91974e+11 6.49036e+11 8.93228e+11 
topdown_KCC_76_22.bmp 5.04227e+11 9.6894e+11 4.84363e+11 9.14433e+11 4.9117e+11 8.95664e+11 4.91857e+11 8.83413e+11 5.00792e+11 8.82586e+11 5.15467e+11 8.9175e+11 5.28021e+11 8.94965e+11 5.54907e+11 9.36455e+11 5.57398e+11 9.37541e+11 5.58536e+11 9.36458e+11 
topdown_KCC_40_21.bmp 6.61413e+11 8.93204e+11 6.3442e+11 8.48621e+11 6.10009e+11 8.23862e+11 6.02074e+11 8.07397e+11 5.92528e+11 7.92956e+11 5.91334e+11 7.91163e+11 5.91688e+11 7.91904e+11 5.92019e+11 7.94135e+11 5.95414e+11 7.9834e+11 5.95778e+11 7.98136e+11 
topdown_KCC_48_11.bmp 7.15955e+11 1.15322e+12 6.69146e+11 1.07297e+12 6.53408e+11 1.02757e+12 6.56424e+11 1.01426e+12 6.4794e+11 9.97159e+11 6.45777e+11 9.90205e+11 6.4973e+11 9.92225e+11 6.61134e+11 1.01926e+12 6.67141e+11 1.02805e+12 6.67839e+11 1.02699e+12 
topdown_KCC_40_81.bmp 6.24644e+11 9.33703e+11 5.84522e+11 8.61871e+11 5.60536e+11 8.28718e+11 5.49956e+11 8.08384e+11 5.4464e+11 8.0185e+11 5.44053e+11 8.01684e+11 5.40215e+11 7.91713e+11 5.42806e+11 7.96318e+11 5.48422e+11 8.09138e+11 5.50764e+11 8.09118e+11 
topdown_KCC_76_01.bmp 5.9551e+11 9.40057e+11 5.90096e+11 9.18313e+11 5.96114e+11 9.06217e+11 6.0668e+11 9.03571e+11 6.18807e+11 9.13405e+11 6.25774e+11 9.2139e+11 6.39308e+11 9.43426e+11 6.44436e+11 9.4868e+11 6.53777e+11 9.58905e+11 6.55844e+11 9.59906e+11 
topdown_KCC_40_02.bmp 5.04859e+11 7.61585e+11 5.03603e+11 7.48756e+11 4.98428e+11 7.28522e+11 4.96988e+11 7.21414e+11 4.96097e+11 7.18769e+11 5.00545e+11 7.26322e+11 5.07533e+11 7.38525e+11 5.16547e+11 7.55761e+11 5.26868e+11 7.77563e+11 5.29834e+11 7.80175e+11 
topdown_KCC_76_11.bmp 7.12855e+11 9.27924e+11 7.06146e+11 9.18994e+11 7.01116e+11 9.07726e+11 7.01283e+11 9.04753e+11 7.07065e+11 9.13312e+11 7.1721e+11 9.30305e+11 7.21582e+11 9.37842e+11 7.22932e+11 9.39357e+11 7.26287e+11 9.41144e+11 7.259e+11 9.40362e+11 
topdown_KCC_40_31.bmp 5.60668e+11 7.81624e+11 5.40608e+11 7.76594e+11 5.37202e+11 7.65272e+11 5.3416e+11 7.57295e+11 5.31156e+11 7.49671e+11 5.30428e+11 7.43285e+11 5.33977e+11 7.47424e+11 5.38182e+11 7.5289e+11 5.43222e+11 7.61001e+11 5.45933e+11 7.6395e+11 
topdown_KCC_75b_11.bmp 6.61712e+11 1.00534e+12 6.67743e+11 9.96888e+11 6.66191e+11 9.70031e+11 6.74009e+11 9.73851e+11 6.76008e+11 9.73578e+11 6.8926e+11 9.83716e+11 6.96658e+11 9.91612e+11 7.01549e+11 9.95901e+11 7.03581e+11 9.95153e+11 7.04272e+11 9.93745e+11 
topdown_KCC_57b_01.bmp 7.35628e+11 1.20961e+12 6.56892e+11 1.0956e+12 6.47375e+11 1.04056e+12 6.39204e+11 1.00777e+12 6.36813e+11 9.92639e+11 6.40291e+11 9.91833e+11 6.44907e+11 9.91497e+11 6.55574e+11 1.00374e+12 6.6055e+11 1.01584e+12 6.62698e+11 1.01656e+12 
topdown_KCC_58_21.bmp 5.33076e+11 7.91e+11 5.64038e+11 8.06285e+11 5.80808e+11 8.21323e+11 5.91279e+11 8.21261e+11 6.00459e+11 8.35128e+11 6.04674e+11 8.43442e+11 6.11744e+11 8.49849e+11 6.18944e+11 8.60388e+11 6.23333e+11 8.59949e+11 6.24419e+11 8.60518e+11 
topdown_KCC_48_51.bmp 5.61663e+11 8.52912e+11 5.57209e+11 8.33695e+11 5.52169e+11 8.12136e+11 5.54537e+11 8.0162e+11 5.53847e+11 7.94655e+11 5.53041e+11 7.88591e+11 5.57943e+11 7.89871e+11 5.62657e+11 7.97443e+11 5.65886e+11 7.97746e+11 5.67064e+11 7.97164e+11 
topdown_KCC_40_11.bmp 5.93437e+11 8.2122e+11 5.73444e+11 8.00632e+11 5.63373e+11 7.74644e+11 5.53694e+11 7.62518e+11 5.44641e+11 7.48805e+11 5.41407e+11 7.39535e+11 5.38254e+11 7.33846e+11 5.40111e+11 7.38768e+11 5.41708e+11 7.37856e+11 5.43358e+11 7.38862e+11 
topdown_KCC_48_41.bmp 4.85987e+11 7.22042e+11 4.85411e+11 7.13338e+11 4.90134e+11 7.18124e+11 5.00677e+11 7.26487e+11 5.07621e+11 7.33578e+11 5.14104e+11 7.49183e+11 5.22621e+11 7.66949e+11 5.28557e+11 7.76893e+11 5.40634e+11 8.03761e+11 5.44847e+11 8.10813e+11 
topdown_KCC_57b_21.bmp 5.62036e+11 8.14e+11 5.47681e+11 7.83462e+11 5.58818e+11 7.92559e+11 5.56416e+11 7.87122e+11 5.55396e+11 7.80653e+11 5.6465e+11 7.98193e+11 5.72432e+11 8.08652e+11 5.80924e+11 8.19675e+11 5.845e+11 8.20734e+11 5.86809e+11 8.22745e+11 
topdown_KCC_57a_21.bmp 6.66539e+11 9.05936e+11 6.57915e+11 8.88417e+11 6.58946e+11 8.86255e+11 6.62589e+11 8.8514e+11 6.64392e+11 8.85636e+11 6.7691e+11 9.13417e+11 6.92013e+11 9.42169e+11 6.98826e+11 9.51757e+11 7.02386e+11 9.54616e+11 7.02373e+11 9.5423e+11 
topdown_KCC_40_71.bmp 5.57085e+11 7.64762e+11 5.35172e+11 7.48825e+11 5.17716e+11 7.2216e+11 5.13768e+11 7.105e+11 5.11016e+11 7.01545e+11 5.10781e+11 6.97943e+11 5.1445e+11 7.01654e+11 5.18151e+11 7.10558e+11 5.28266e+11 7.30037e+11 5.30979e+11 7.31565e+11 
topdown_KCC_66_41.bmp 5.4574e+11 8.42657e+11 5.43621e+11 8.3087e+11 5.46184e+11 8.24234e+11 5.49522e+11 8.16127e+11 5.55673e+11 8.17772e+11 5.61618e+11 8.27582e+11 5.70857e+11 8.38999e+11 5.83658e+11 8.63985e+11 5.89027e+11 8.71275e+11 5.92891e+11 8.74533e+11 
topdown_KCC_66_31.bmp 5.90496e+11 9.16076e+11 5.97219e+11 8.97872e+11 6.10161e+11 8.93936e+11 6.1031e+11 8.83407e+11 6.15456e+11 8.8666e+11 6.15998e+11 8.8513e+11 6.23534e+11 8.98755e+11 6.32731e+11 9.09757e+11 6.35041e+11 9.10361e+11 6.35503e+11 9.08625e+11 
topdown_KCC_48_01.bmp 5.57249e+11 7.75655e+11 5.634e+11 7.70628e+11 5.67286e+11 7.83179e+11 5.71584e+11 7.86301e+11 5.78318e+11 7.9504e+11 5.85946e+11 8.13321e+11 5.95545e+11 8.28463e+11 6.03672e+11 8.41555e+11 6.09678e+11 8.4732e+11 6.10691e+11 8.4924e+11 
topdown_KCC_40_61.bmp 5.31515e+11 7.63335e+11 5.05929e+11 7.15088e+11 5.00634e+11 7.04822e+11 5.04036e+11 7.07344e+11 5.09513e+11 7.0643e+11 5.16965e+11 7.22431e+11 5.22757e+11 7.25193e+11 5.2936e+11 7.31445e+11 5.32465e+11 7.30786e+11 5.33377e+11 7.32021e+11 
topdown_KCC_75a_21.bmp 6.27539e+11 8.9456e+11 6.30241e+11 8.8394e+11 6.24603e+11 8.63491e+11 6.28335e+11 8.61677e+11 6.27877e+11 8.56952e+11 6.29397e+11 8.57702e+11 6.35712e+11 8.65638e+11 6.374e+11 8.63289e+11 6.39651e+11 8.62646e+11 6.40602e+11 8.63241e+11 
topdown_KCC_58_31.bmp 5.8461e+11 8.00063e+11 5.85172e+11 7.85887e+11 5.80511e+11 7.7567e+11 5.81096e+11 7.8012e+11 5.84507e+11 7.87311e+11 5.90176e+11 7.95118e+11 5.94558e+11 8.00458e+11 6.00484e+11 8.06536e+11 6.03733e+11 8.07844e+11 6.04811e+11 8.07266e+11 
topdown_KCC_75a_01.bmp 5.59894e+11 8.30355e+11 5.62875e+11 8.14639e+11 5.63852e+11 8.06974e+11 5.67441e+11 8.03751e+11 5.76431e+11 8.11657e+11 5.80394e+11 8.14462e+11 5.90441e+11 8.30309e+11 5.95808e+11 8.34091e+11 6.0009e+11 8.35586e+11 6.01416e+11 8.35682e+11 
topdown_KCC_80_21.bmp 5.85139e+11 8.37507e+11 5.86066e+11 8.33629e+11 5.88921e+11 8.31836e+11 5.93335e+11 8.35271e+11 5.94197e+11 8.32118e+11 6.00109e+11 8.40441e+11 6.09904e+11 8.59269e+11 6.17549e+11 8.69644e+11 6.22784e+11 8.73755e+11 6.24195e+11 8.74398e+11 
topdown_KCC_40_41.bmp 6.19135e+11 8.80377e+11 5.89461e+11 8.24779e+11 5.76711e+11 8.00618e+11 5.66347e+11 7.84951e+11 5.65291e+11 7.77434e+11 5.65403e+11 7.75032e+11 5.64206e+11 7.68849e+11 5.65372e+11 7.68538e+11 5.68938e+11 7.71552e+11 5.70699e+11 7.72205e+11 
topdown_KCC_57b_11.bmp 6.05881e+11 9.11616e+11 6.09312e+11 8.81783e+11 6.07914e+11 8.666e+11 6.07116e+11 8.62929e+11 6.05953e+11 8.51551e+11 6.09167e+11 8.53605e+11 6.16793e+11 8.66292e+11 6.22916e+11 8.79304e+11 6.23967e+11 8.76343e+11 6.2486e+11 8.75069e+11 
topdown_KCC_58_11.bmp 6.10675e+11 8.67536e+11 6.22362e+11 8.63701e+11 6.25508e+11 8.50108e+11 6.26739e+11 8.42753e+11 6.28694e+11 8.40015e+11 6.31136e+11 8.39091e+11 6.37687e+11 8.45167e+11 6.40712e+11 8.44432e+11 6.43322e+11 8.43364e+11 6.44134e+11 8.43543e+11 
topdown_KCC_57a_31.bmp 6.27209e+11 9.15829e+11 6.12613e+11 8.68466e+11 6.09211e+11 8.6616e+11 6.06037e+11 8.56699e+11 6.08515e+11 8.58419e+11 6.07375e+11 8.52978e+11 6.1851e+11 8.68772e+11 6.30193e+11 8.94585e+11 6.37877e+11 9.0567e+11 6.37959e+11 9.04362e+11 
topdown_KCC_57a_11.bmp 6.35357e+11 8.99076e+11 6.38674e+11 8.7556e+11 6.3433e+11 8.55173e+11 6.34447e+11 8.52049e+11 6.32531e+11 8.44183e+11 6.38507e+11 8.50688e+11 6.42703e+11 8.53356e+11 6.46353e+11 8.53625e+11 6.48778e+11 8.5252e+11 6.49437e+11 8.54408e+11 
topdown_KCC_58_01.bmp 6.60961e+11 9.08354e+11 6.43891e+11 8.66526e+11 6.34989e+11 8.47045e+11 6.36611e+11 8.45626e+11 6.39319e+11 8.47696e+11 6.41052e+11 8.45377e+11 6.43793e+11 8.46214e+11 6.48189e+11 8.48611e+11 6.5177e+11 8.50335e+11 6.52827e+11 8.51558e+11 
topdown_KCC_80_31.bmp 4.83413e+11 8.62182e+11 5.12079e+11 8.68905e+11 5.22235e+11 8.55856e+11 5.31703e+11 8.51518e+11 5.40686e+11 8.44866e+11 5.50717e+11 8.48592e+11 5.54925e+11 8.46694e+11 5.62879e+11 8.56909e+11 5.72346e+11 8.71554e+11 5.76038e+11 8.77013e+11 
topdown_KCC_66_21.bmp 6.48028e+11 8.26591e+11 6.46588e+11 8.22865e+11 6.48494e+11 8.19524e+11 6.49579e+11 8.13417e+11 6.49619e+11 8.08046e+11 6.54239e+11 8.0937e+11 6.58478e+11 8.11912e+11 6.63194e+11 8.11847e+11 6.66599e+11 8.12179e+11 6.65931e+11 8.12861e+11 
topdown_KCC_48_31.bmp 7.16726e+11 9.75838e+11 6.99675e+11 9.28199e+11 6.89771e+11 9.04805e+11 6.8592e+11 8.97449e+11 6.819e+11 8.91554e+11 6.8026e+11 8.8759e+11 6.85397e+11 8.94276e+11 6.89845e+11 8.94837e+11 6.92889e+11 8.94706e+11 6.93835e+11 8.9572e+11 
topdown_KCC_75b_21.bmp 7.60231e+11 1.18505e+12 7.33879e+11 1.144e+12 6.94739e+11 1.08711e+12 6.90615e+11 1.06874e+12 6.91534e+11 1.05937e+12 6.92929e+11 1.05712e+12 7.02691e+11 1.0704e+12 7.1564e+11 1.09016e+12 7.20096e+11 1.09141e+12 7.20935e+11 1.09201e+12 
topdown_KCC_40_51.bmp 6.25849e+11 8.78761e+11 6.06158e+11 8.39357e+11 5.9925e+11 8.22505e+11 5.98379e+11 8.20052e+11 5.97262e+11 8.09599e+11 5.95364e+11 8.0356e+11 5.96279e+11 8.01652e+11 6.02135e+11 8.07263e+11 6.04641e+11 8.0579e+11 6.05799e+11 8.05989e+11 
topdown_KCC_75a_32.bmp 5.83354e+11 8.80772e+11 5.90936e+11 8.7521e+11 5.93926e+11 8.74456e+11 5.98796e+11 8.67971e+11 6.01208e+11 8.67252e+11 6.05667e+11 8.68166e+11 6.14292e+11 8.80423e+11 6.22358e+11 8.89101e+11 6.27099e+11 8.90356e+11 6.27771e+11 8.89951e+11 
topdown_KCC_66_51.bmp 6.71142e+11 8.90911e+11 6.57532e+11 8.54765e+11 6.41708e+11 8.2375e+11 6.39409e+11 8.18194e+11 6.34896e+11 8.09216e+11 6.34636e+11 8.06075e+11 6.35732e+11 8.05012e+11 6.38365e+11 8.04813e+11 6.3952e+11 8.02261e+11 6.39727e+11 8.03108e+11 
topdown_KCC_81_11.bmp 4.15887e+11 7.97585e+11 4.48406e+11 8.03817e+11 4.53245e+11 7.76234e+11 4.7089e+11 7.87174e+11 4.82002e+11 7.9258e+11 4.96051e+11 8.02498e+11 5.12029e+11 8.27026e+11 5.19116e+11 8.34114e+11 5.28891e+11 8.52851e+11 5.3247e+11 8.55204e+11 
topdown_KCC_76_41.bmp 8.9584e+11 1.03695e+12 8.76523e+11 1.00916e+12 8.64128e+11 1.00268e+12 8.55773e+11 9.95026e+11 8.52149e+11 9.90339e+11 8.50936e+11 9.8681e+11 8.52638e+11 9.85594e+11 8.51381e+11 9.81583e+11 8.50074e+11 9.78184e+11 8.46081e+11 9.77152e+11 
topdown_KCC_81_21.bmp 5.25533e+11 8.7492e+11 5.47174e+11 8.61692e+11 5.67201e+11 8.57808e+11 5.84643e+11 8.75582e+11 5.92357e+11 8.74089e+11 5.97357e+11 8.75186e+11 6.00217e+11 8.71562e+11 6.0767e+11 8.78959e+11 6.14671e+11 8.89839e+11 6.16934e+11 8.90927e+11 
topdown_KCC_80_41.bmp 6.07266e+11 8.59325e+11 6.16213e+11 8.48217e+11 6.28322e+11 8.48874e+11 6.29627e+11 8.39524e+11 6.33004e+11 8.39678e+11 6.36517e+11 8.43972e+11 6.44144e+11 8.56986e+11 6.49439e+11 8.60145e+11 6.52048e+11 8.58873e+11 6.52365e+11 8.58177e+11 
topdown_KCC_80_11.bmp 7.77621e+11 9.84431e+11 7.66821e+11 9.6358e+11 7.55731e+11 9.51424e+11 7.46148e+11 9.36214e+11 7.40922e+11 9.29161e+11 7.41527e+11 9.34488e+11 7.3958e+11 9.32001e+11 7.40572e+11 9.31008e+11 7.4109e+11 9.28567e+11 7.38842e+11 9.26755e+11 
topdown_KCC_94_01.bmp 6.18871e+11 8.37453e+11 6.35569e+11 8.47978e+11 6.43406e+11 8.49968e+11 6.5187e+11 8.50668e+11 6.65651e+11 8.6604e+11 6.72431e+11 8.71753e+11 6.82941e+11 8.85831e+11 6.88051e+11 8.86873e+11 6.89705e+11 8.84257e+11 6.88839e+11 8.84257e+11 
topdown_KCC_94_52.bmp 6.3699e+11 9.18128e+11 6.53063e+11 9.10663e+11 6.45707e+11 8.91421e+11 6.53093e+11 9.04468e+11 6.58865e+11 9.06256e+11 6.67496e+11 9.16412e+11 6.74256e+11 9.25056e+11 6.81579e+11 9.3106e+11 6.88179e+11 9.3561e+11 6.88212e+11 9.33943e+11 
topdown_KCC_85_11.bmp 5.48603e+11 8.31973e+11 5.70503e+11 8.36081e+11 5.92688e+11 8.4957e+11 5.95558e+11 8.43735e+11 6.06855e+11 8.52782e+11 6.16349e+11 8.59323e+11 6.24816e+11 8.67877e+11 6.31898e+11 8.77894e+11 6.36806e+11 8.85119e+11 6.38143e+11 8.85717e+11 
topdown_KCC_81_31.bmp 6.96579e+11 9.46582e+11 6.96287e+11 9.18695e+11 6.9051e+11 8.99902e+11 6.98552e+11 9.0537e+11 7.02594e+11 9.05419e+11 7.02403e+11 9.01143e+11 7.04329e+11 9.03706e+11 7.06369e+11 9.04827e+11 7.08513e+11 9.03149e+11 7.08225e+11 9.02609e+11 
topdown_KCC_76_31.bmp 7.40656e+11 9.51983e+11 7.54683e+11 9.47078e+11 7.50504e+11 9.33963e+11 7.4607e+11 9.2369e+11 7.45711e+11 9.21438e+11 7.49597e+11 9.2387e+11 7.52405e+11 9.23582e+11 7.53973e+11 9.22678e+11 7.54342e+11 9.19735e+11 7.52687e+11 9.18513e+11 
topdown_KCC_92a_11.bmp 6.4469e+11 9.99507e+11 6.53556e+11 9.68695e+11 6.66268e+11 9.54259e+11 6.7252e+11 9.56176e+11 6.80912e+11 9.631e+11 6.90677e+11 9.71467e+11 7.02039e+11 9.89329e+11 7.07243e+11 9.98253e+11 7.09638e+11 1.00054e+12 7.09805e+11 1.00002e+12 
topdown_KCC_101_41.bmp 6.82712e+11 8.88309e+11 6.63333e+11 8.48172e+11 6.49763e+11 8.25979e+11 6.52381e+11 8.24594e+11 6.55701e+11 8.29111e+11 6.62306e+11 8.40797e+11 6.70096e+11 8.4891e+11 6.73827e+11 8.48982e+11 6.78215e+11 8.49808e+11 6.78722e+11 8.51677e+11 
topdown_KCC_95_01.bmp 7.30611e+11 1.09839e+12 7.35969e+11 1.05808e+12 7.53077e+11 1.05563e+12 7.63077e+11 1.0576e+12 7.68459e+11 1.05206e+12 7.74825e+11 1.05772e+12 7.78438e+11 1.05769e+12 7.81607e+11 1.05634e+12 7.81871e+11 1.05189e+12 7.80607e+11 1.05025e+12 
topdown_KCC_85_42.bmp 7.2642e+11 9.7041e+11 7.24091e+11 9.47487e+11 7.26606e+11 9.40153e+11 7.28968e+11 9.4014e+11 7.33506e+11 9.43118e+11 7.40201e+11 9.52983e+11 7.40584e+11 9.50916e+11 7.48341e+11 9.60007e+11 7.48356e+11 9.57449e+11 7.48255e+11 9.56937e+11 
topdown_KCC_92a_21.bmp 5.96442e+11 9.10497e+11 6.05378e+11 8.84903e+11 6.11606e+11 8.79272e+11 6.26972e+11 8.89812e+11 6.42347e+11 9.0275e+11 6.5373e+11 9.14935e+11 6.68072e+11 9.40176e+11 6.79518e+11 9.52642e+11 6.84138e+11 9.52898e+11 6.84402e+11 9.52684e+11 
topdown_KCC_92a_41.bmp 6.36664e+11 8.86398e+11 6.52959e+11 8.88349e+11 6.56196e+11 8.85435e+11 6.67601e+11 8.92874e+11 6.66961e+11 8.88026e+11 6.73953e+11 8.9328e+11 6.80502e+11 9.0104e+11 6.87041e+11 9.12762e+11 6.91891e+11 9.14299e+11 6.91852e+11 9.13236e+11 
topdown_KCC_85_32.bmp 6.88724e+11 1.01449e+12 7.09778e+11 1.01415e+12 7.43878e+11 1.03205e+12 7.63254e+11 1.04535e+12 7.79243e+11 1.06104e+12 7.87065e+11 1.06391e+12 7.89015e+11 1.05855e+12 7.92714e+11 1.058e+12 7.93085e+11 1.05393e+12 7.91974e+11 1.05324e+12 
topdown_KCC_94_11.bmp 7.06444e+11 1.02689e+12 6.98102e+11 9.73711e+11 7.04603e+11 9.65454e+11 7.13208e+11 9.6861e+11 7.15506e+11 9.74486e+11 7.19854e+11 9.78129e+11 7.28821e+11 9.89183e+11 7.32865e+11 9.92365e+11 7.3605e+11 9.93089e+11 7.35785e+11 9.91352e+11 
topdown_KCC_95_11.bmp 7.19794e+11 1.01006e+12 7.16485e+11 9.69859e+11 7.1893e+11 9.56387e+11 7.23788e+11 9.65682e+11 7.25051e+11 9.59759e+11 7.30699e+11 9.69872e+11 7.39893e+11 9.80608e+11 7.47096e+11 9.88466e+11 7.51199e+11 9.91746e+11 7.50979e+11 9.91187e+11 
topdown_KCC_94_21.bmp 6.8544e+11 9.08871e+11 7.0287e+11 9.14796e+11 7.02069e+11 9.08186e+11 7.00577e+11 9.00116e+11 7.08466e+11 9.13701e+11 7.12684e+11 9.17638e+11 7.20181e+11 9.28197e+11 7.24064e+11 9.31926e+11 7.24988e+11 9.29108e+11 7.24036e+11 9.28603e+11 
topdown_KCC_94_32.bmp 6.82039e+11 9.04556e+11 6.68868e+11 8.66945e+11 6.74471e+11 8.72006e+11 6.81102e+11 8.82668e+11 6.9325e+11 9.01436e+11 7.03657e+11 9.1299e+11 7.13299e+11 9.20606e+11 7.17572e+11 9.22725e+11 7.20398e+11 9.22487e+11 7.20186e+11 9.23049e+11 
topdown_KCC_92a_31.bmp 6.34065e+11 9.22094e+11 6.47464e+11 9.14616e+11 6.53166e+11 9.11308e+11 6.65392e+11 9.20514e+11 6.82179e+11 9.42727e+11 7.00325e+11 9.79654e+11 7.08238e+11 9.84727e+11 7.12239e+11 9.86039e+11 7.1514e+11 9.86006e+11 7.15855e+11 9.86179e+11 
topdown_KCC_94_41.bmp 6.93866e+11 9.22514e+11 6.96406e+11 9.13499e+11 6.90128e+11 9.05687e+11 6.93393e+11 9.10949e+11 7.02042e+11 9.16576e+11 7.0453e+11 9.14385e+11 7.09746e+11 9.21185e+11 7.14612e+11 9.22499e+11 7.17162e+11 9.21478e+11 7.17032e+11 9.21809e+11 
topdown_KCC_85_01.bmp 6.73743e+11 9.85179e+11 6.44704e+11 9.26404e+11 6.50912e+11 9.18822e+11 6.60911e+11 9.19139e+11 6.69582e+11 9.26303e+11 6.76555e+11 9.3498e+11 6.87493e+11 9.56849e+11 6.95397e+11 9.70357e+11 7.00728e+11 9.73703e+11 7.01353e+11 9.73432e+11 
topdown_KCC_97b_31.bmp 6.11526e+11 8.51194e+11 6.18081e+11 8.49875e+11 6.22358e+11 8.47715e+11 6.40253e+11 8.69075e+11 6.47146e+11 8.79415e+11 6.56634e+11 8.95337e+11 6.66502e+11 9.09311e+11 6.7205e+11 9.14404e+11 6.76336e+11 9.16357e+11 6.77041e+11 9.17317e+11 
topdown_KCC_97b_11.bmp 6.09963e+11 8.44574e+11 6.21959e+11 8.50815e+11 6.15684e+11 8.33692e+11 6.2737e+11 8.47469e+11 6.34313e+11 8.5739e+11 6.46836e+11 8.85563e+11 6.58264e+11 9.02742e+11 6.6752e+11 9.12612e+11 6.73272e+11 9.1632e+11 6.73983e+11 9.16331e+11 
topdown_KCC_100_21.bmp 7.20162e+11 8.98389e+11 7.14232e+11 8.80872e+11 7.1363e+11 8.81262e+11 7.16596e+11 8.87795e+11 7.19279e+11 8.89078e+11 7.22792e+11 8.90596e+11 7.27397e+11 8.91416e+11 7.31185e+11 8.93475e+11 7.33028e+11 8.9289e+11 7.3256e+11 8.93356e+11 
topdown_KCC_100_41.bmp 7.70523e+11 9.48188e+11 7.55133e+11 9.25199e+11 7.41904e+11 9.09019e+11 7.33788e+11 8.94753e+11 7.34983e+11 8.95952e+11 7.36696e+11 8.985e+11 7.40294e+11 9.00959e+11 7.44533e+11 9.03798e+11 7.46811e+11 9.03257e+11 7.4697e+11 9.05745e+11 
topdown_KCC_101_11.bmp 7.91402e+11 1.01874e+12 7.63496e+11 9.763e+11 7.59425e+11 9.77862e+11 7.6722e+11 9.8965e+11 7.79468e+11 1.00886e+12 7.94245e+11 1.02876e+12 8.07702e+11 1.04273e+12 8.16165e+11 1.04874e+12 8.21347e+11 1.05419e+12 8.20175e+11 1.0554e+12 
topdown_KCC_101_21.bmp 7.70725e+11 9.57626e+11 7.32313e+11 9.0453e+11 7.24768e+11 8.92712e+11 7.19844e+11 8.87791e+11 7.20313e+11 8.88011e+11 7.24623e+11 8.90683e+11 7.27996e+11 8.92233e+11 7.31292e+11 8.93604e+11 7.32699e+11 8.92104e+11 7.30872e+11 8.91139e+11 
topdown_KCC_85_22.bmp 8.55595e+11 1.04496e+12 8.69424e+11 1.05724e+12 8.88026e+11 1.08036e+12 9.13819e+11 1.1176e+12 9.37213e+11 1.14889e+12 9.53931e+11 1.16841e+12 9.61303e+11 1.17187e+12 9.64683e+11 1.17307e+12 9.63683e+11 1.17164e+12 9.59733e+11 1.17282e+12 
topdown_KCC_100_31.bmp 7.92634e+11 9.6395e+11 7.74972e+11 9.29968e+11 7.762e+11 9.29829e+11 7.72937e+11 9.20263e+11 7.73417e+11 9.18384e+11 7.79752e+11 9.24212e+11 7.79532e+11 9.20355e+11 7.83106e+11 9.206e+11 7.83031e+11 9.18872e+11 7.80331e+11 9.19339e+11 
topdown_KCC_101_31.bmp 9.55736e+11 1.19746e+12 9.57652e+11 1.19989e+12 9.80446e+11 1.22158e+12 1.01921e+12 1.27349e+12 1.04978e+12 1.31291e+12 1.07185e+12 1.33151e+12 1.0805e+12 1.33314e+12 1.08603e+12 1.33658e+12 1.08563e+12 1.33643e+12 1.08141e+12 1.3374e+12 
topdown_KCC_40_41.bmp 6.19135e+11 8.80377e+11 5.89461e+11 8.24779e+11 5.76711e+11 8.00618e+11 5.66347e+11 7.84951e+11 5.65291e+11 7.77434e+11 5.65403e+11 7.75032e+11 5.64206e+11 7.68849e+11 5.65372e+11 7.68538e+11 5.68938e+11 7.71552e+11 5.70699e+11 7.72205e+11 
