topdown_KCC_26_51.bmp 262632 102741 214671 87135.7 189921 79331.2 172430 75111.2 159208 72204.6 148562 70085.2 139342 68715.1 130937 68019.9 123113 67852.3 115651 68159.1 108798 68509 102456 68884.7 96606.1 69217.8 91160.7 69532.1 86017.4 69878.6 81088.4 70303.4 76438.9 70695.4 
topdown_KCC_32_31.bmp 412745 157193 315807 148092 263691 141801 227457 137975 200491 134681 180188 131065 163671 127905 150140 124881 138765 122051 129027 119413 120474 117020 112974 114763 106317 112644 100316 110680 94847.1 108865 89860.9 107161 85286.6 105557 81086.8 104033 77225 102574 73662.3 101174 70370.4 99825.8 67323.4 98523.9 64496.7 97265.1 61870.8 96045.4 
topdown_KCC_26_31.bmp 330684 109582 257695 107012 221200 101518 197729 96875.5 181066 92830.2 168048 89601.5 156957 87297.5 147444 85450.1 139235 83841.2 131911 82519.8 125128 81550.8 118891 80774.4 113045 80205.5 107580 79761 102509 79358.6 97735.8 79031.7 93185.3 78803.8 88830 78661 84706.9 78536.6 80768.7 78449.4 77075.1 78320.5 73637.5 78124.3 
topdown_KCC_32_61.bmp 529483 351169 396667 282597 322589 253316 275504 233984 242745 219247 218401 207381 199032 197749 182980 189772 169391 182988 157734 177075 147590 171846 138620 167191 130670 162969 123472 159166 116894 155722 110834 152589 105239 149712 100087 147034 95306.6 144540 90856.8 142207 86719.9 140005 82864.7 137921 
topdown_KCC_32_51.bmp 532967 256787 402774 223697 332835 207864 285071 198152 250309 190368 223719 183666 201855 178276 183171 173928 167319 169995 153670 166383 141645 163130 131007 160117 121498 157319 113063 154613 
topdown_KCC_26_71.bmp 299811 118678 243684 101256 214477 92441 195161 86766.9 180600 82897.1 168568 80317.8 158645 78230 150237 76482.7 142823 75096.6 136073 74066 129950 73226 124227 72634 118907 72177.7 113941 71821.1 109291 71534 104881 71339.1 100699 71202.8 96691.2 71142.8 92859.8 71128.4 89185.6 71153.9 85663.3 71203.9 82259.7 71294.5 78968.2 71416.6 75817.6 71527.4 
topdown_KCC_32_21.bmp 626935 398320 443403 336438 357149 300394 303465 276189 265588 258329 236773 244429 214001 233042 195253 223543 179294 215523 165331 208699 152869 202842 141800 197638 131910 192943 123103 188612 115196 184597 
topdown_KCC_26_41.bmp 259967 73224.2 214248 69390.2 191016 65582.6 174787 63383.9 162565 61757.2 152422 60774.6 143999 59934.7 136742 59261.7 130443 58646.3 124805 58152.8 119672 57774.8 114977 57465.9 110595 57261.6 106581 57044.8 102783 56914.6 99210.6 56818.6 95784.3 56801.4 92540.6 56798.6 89470.9 56797.4 86553.7 56801.3 83752.5 56830.9 81079.6 56859.4 78515 56896.3 76015.9 56973.7 73612.4 57051.2 71314.7 57110.9 69116.7 57153.1 66997.7 57193.3 64955.1 57228.5 62990.2 57253 61098.5 57267.2 59285.7 57261.9 57543.1 57242.8 55874.3 57203.7 
topdown_KCC_26_81.bmp 417086 191307 313871 170973 263702 156592 231234 146802 208220 139115 190639 132929 176194 128044 164310 123826 154097 120259 145175 117181 137189 114543 129969 112248 123408 110211 117380 108402 111724 106841 106462 105436 101502 104194 96773.4 103117 92278.9 102162 88039.3 101275 84042.2 100437 
topdown_KCC_32_41.bmp 382460 113139 311680 107977 267467 108364 237181 107567 214958 105989 197534 104322 183067 102881 170783 101579 160145 100387 150891 99198.7 142641 98114.3 135206 97119.4 128460 96191.6 122323 95296.5 116724 94417.9 111501 93630.6 106690 92850.1 102292 92037.2 98223.5 91230.1 94437.3 90437.9 90906.7 89659.1 87584.9 88909.9 84470.2 88173.7 81548.1 87446.9 78805.1 86726.9 76226.5 86014 73790.2 85314.9 71487.1 84627.5 69304.9 83953.1 67229.7 83294.6 65260.3 82646.7 63392.7 82006.6 61615.6 81377.4 59924.9 80757.6 58313.2 80148.1 56772 79551 55298.5 78964.8 53889.8 78388.2 52544.2 77819.8 51255.5 77260.9 
topdown_KCC_32_71.bmp 289427 89651 229750 87817.7 198147 84556.2 177743 81316.6 163211 78320.2 151989 75771.8 142915 73586.1 135230 71772.2 128434 70344.3 122317 69212.6 116798 68259.6 111873 67363.8 107420 66532.4 103382 65744.6 99685.5 65002.7 96281.7 64304 93107.2 63662.7 90130.7 63074.2 87312.9 62544.8 84641.2 62063.3 82116.3 61610.9 79725 61183.4 77456.1 60777.2 75302.7 60387 73234.6 60027.9 71264.4 59680.6 69386.4 59342.5 67589.9 59015.9 65879 58691.8 64238.7 58377.3 62664.6 58071.4 61151.7 57774.1 59696.6 57484.2 58298.9 57198.7 56948.2 56923 55644.3 56654.3 54389.5 56388.2 53175.6 56129 52001.9 55875 50873.3 55620.4 49785.2 55367.1 48732.9 55117.3 47714 54871.2 46729.4 54627 45776.9 54384.7 44857.1 54143 43969.1 53901.3 43111 53660.3 42280.6 53420.4 41477.8 53181.2 40700.2 52943.5 39946.8 52707.1 39216.8 52472.2 38509 52238.8 37822.3 52007 
topdown_KCC_58_41.bmp 501081 375598 317060 323508 227138 293089 174295 269718 
topdown_KCC_57a_01.bmp 512895 777452 308220 584599 224181 491237 176490 433072 144494 392433 121811 361708 104740 337406 
topdown_KCC_66_12.bmp 203528 49696.2 165081 52904.5 142502 53848.1 126263 54515.6 113831 54750.3 104011 54602.1 95864.3 54354.2 88937.1 54048 82932.1 53715.6 77615.7 53398 72823 53121.9 68507.8 52835.7 64625.7 52514.6 61090.6 52184.7 57884.6 51822.5 54938.9 51457.3 52225.6 51086.8 49691.8 50734.6 47318.8 50397.1 45107.5 50057.5 43053.6 49706.9 41139.7 49349.4 
topdown_KCC_66_02.bmp 416666 201416 292421 189981 231350 177571 191838 168326 163912 160560 143394 153563 127408 147451 114342 142183 103374 137585 94083.3 133460 86066.5 129744 79136.3 126323 73161.8 123114 68002 120081 
topdown_KCC_76_22.bmp 480972 512689 272694 418473 
topdown_KCC_40_21.bmp 492651 301828 355055 254558 285112 230200 238893 214783 206947 202418 182761 192510 163764 184184 148047 177220 134757 171250 123358 166013 113471 161338 104801 157116 97102.3 153285 
topdown_KCC_48_11.bmp 731693 873842 439437 682130 311861 584800 237741 522156 
topdown_KCC_40_81.bmp 733754 504450 491055 431883 375278 388634 304090 358331 254151 335632 216700 317573 187226 302712 
topdown_KCC_76_01.bmp 873937 1.44009e+06 508979 1.07774e+06 362094 902933 278795 794591 224878 718520 187678 660969 
topdown_KCC_40_02.bmp 793439 576200 547709 475582 422785 426382 344777 393108 288835 368908 246719 349629 214247 333278 188431 319113 167741 306472 
topdown_KCC_76_11.bmp 791896 643192 495214 542582 366519 478554 293593 433046 245550 398932 211242 372075 185169 350282 164608 332098 147939 316600 134160 303157 122563 291345 112683 280842 104134 271429 
topdown_KCC_40_31.bmp 825438 777095 541979 617016 415366 534236 337620 481614 284346 443602 244889 414360 214107 390897 189236 371477 168894 354889 
topdown_KCC_75b_11.bmp 892156 945766 538432 755116 389699 650742 305143 581928 250464 531649 211754 492853 182794 461683 160377 435852 
topdown_KCC_57b_01.bmp 1.06856e+06 1.98918e+06 577380 1.48426e+06 389619 1.23885e+06 
topdown_KCC_58_21.bmp 975419 991592 604806 791616 444843 684124 354147 612574 295240 560213 252620 520070 220567 487757 195404 461018 175067 438390 158278 418893 144220 401834 132335 386715 
topdown_KCC_48_51.bmp 949072 593130 614394 536971 459722 489882 369668 451847 308182 422335 263442 398232 229193 378058 202222 360725 180587 345522 162786 332086 
topdown_KCC_40_11.bmp 822861 493462 560498 437797 432415 400618 355393 371637 301853 349151 262212 330774 230890 315663 205556 302758 184714 291442 167040 281506 
topdown_KCC_48_41.bmp 999670 851488 650472 695427 490364 610855 394938 553979 329179 512504 280662 480157 243461 453709 214114 431394 190578 412090 
topdown_KCC_57b_21.bmp 879769 778632 612024 611455 475660 534845 389113 486645 329340 451263 284673 423792 250137 401311 222289 382507 199613 366254 180724 352021 164818 339363 151285 327982 139723 317634 
topdown_KCC_57a_21.bmp 1.05058e+06 1.07365e+06 632922 864744 460183 746328 362717 667625 298989 610358 253491 566241 219361 530757 192984 501283 171908 476302 154823 454713 
topdown_KCC_40_71.bmp 811388 381145 571185 362081 457940 336279 385615 317020 332598 302714 292037 290824 259528 280759 232931 271873 210769 263862 191900 256630 175575 250063 161408 243974 149100 238240 
topdown_KCC_66_41.bmp 929483 781718 623753 631149 477416 554985 383153 507445 317333 472457 268844 444622 232030 421335 203443 401263 
topdown_KCC_66_31.bmp 887985 459560 589602 443765 449528 412998 361955 388468 301292 367969 256779 350294 222595 334903 195864 321122 174444 308732 
topdown_KCC_48_01.bmp 900530 511302 595736 473580 460071 431529 378291 399529 323442 373719 282934 352914 251664 335546 226181 321001 205030 308471 187194 297472 171897 287707 158525 278992 146883 271051 136677 263760 127676 257024 
topdown_KCC_40_61.bmp 794071 522589 558454 438565 442290 393858 370558 362903 321145 339224 284117 320493 254588 305369 230590 292592 210241 281776 192943 272288 178048 263840 165131 256203 153805 249248 143762 242887 134833 237010 126824 231564 119634 226477 113153 221707 107299 217214 101979 212975 
topdown_KCC_75a_21.bmp 926583 828372 605001 667176 463787 579691 379045 522793 320773 481745 278630 449647 246497 423595 220638 402046 199457 383717 181810 367824 166855 353854 154051 341420 142974 330245 133257 320140 124687 310930 117081 302484 110295 294696 
topdown_KCC_58_31.bmp 865143 574812 600070 485949 468295 438234 389767 403013 334888 376731 292006 356976 258021 340777 230769 326786 208455 314469 189446 303713 173199 294084 159257 285321 147210 277274 
topdown_KCC_75a_01.bmp 1.06138e+06 882104 679339 730687 507395 643807 404657 584991 336009 540773 286838 505634 250026 476648 221028 452355 197644 431536 178446 413385 162482 397337 149025 383006 
topdown_KCC_80_21.bmp 654558 563326 386390 479876 272938 423046 208665 382707 
topdown_KCC_40_41.bmp 804235 526087 560533 444922 441637 400172 369188 368446 319535 344102 282774 324637 254074 308627 230598 295270 211029 283808 194354 273833 179811 265094 166932 257366 155569 250372 145328 244065 136124 238283 127821 232940 
topdown_KCC_57b_11.bmp 999622 1.0133e+06 674514 785209 518588 677463 419231 611137 351283 563068 302207 525468 264711 494996 234974 469599 210697 447987 190564 429230 173626 412715 
topdown_KCC_58_11.bmp 911719 978411 608318 753739 470537 644842 387439 576376 331169 527472 290454 489919 259482 459790 234823 434953 214223 414150 196764 396337 181949 380757 169139 366991 157871 354729 147950 343676 139117 333650 131169 324507 124009 316108 117535 308350 111623 301165 106211 294479 101256 288229 96703.7 282368 
topdown_KCC_57a_31.bmp 1.14987e+06 972975 749641 795109 559987 702088 445914 639023 371440 590457 316304 552810 274408 521901 241751 495714 215564 473145 194208 453374 
topdown_KCC_57a_11.bmp 742210 503291 498400 431514 387496 385468 321697 352606 277115 327646 244189 307964 218715 291822 198432 278165 181835 266400 167790 256197 155731 247217 145302 239192 136232 231935 128236 225341 121114 219317 114711 213789 108865 208714 103524 204020 98630.5 199656 94124.2 195586 89945.1 191781 86079.7 188204 82496.5 184830 79155.6 181644 76043.8 178623 73147.1 175750 
topdown_KCC_58_01.bmp 882971 565283 619221 479710 483944 435818 399587 404637 340630 380562 297201 360660 263634 343835 236751 329365 214525 316801 195710 305777 179721 295881 165967 286918 154003 278748 143486 271261 134210 264342 125949 257932 
topdown_KCC_80_31.bmp 641937 858063 360558 666883 249603 565966 
topdown_KCC_66_21.bmp 616105 361934 433525 314461 346752 284624 291388 264410 253987 247990 225967 234855 204323 223773 186933 214295 172543 206081 160336 198893 149829 192514 140709 186774 132717 181562 125635 176804 119304 172438 113624 168401 108440 164679 103701 161224 99340.5 158007 95324.1 154995 91610.5 152166 88166.6 149500 84953.8 146987 81950.5 144609 79142.6 142352 76505.1 140207 74026.8 138164 71689.3 136215 69486.1 134352 67406.9 132566 65440.1 130854 63571.6 129211 61796.5 127633 60107.8 126115 58498.4 124653 56964.8 123243 55500.6 121883 54102.3 120568 52764.5 119297 51482.3 118067 50253.4 116877 49076.6 115722 47950 114601 
topdown_KCC_48_31.bmp 426773 226237 335212 184442 284841 166684 250554 156078 225572 148265 206205 142095 190836 136822 178205 132269 167261 128483 157701 125214 149106 122438 141404 119973 134366 117815 127954 115857 122066 114074 116596 112464 111542 110961 106881 109533 102558 108176 98546.3 106876 94823 105620 91338 104419 88052.2 103279 84964.8 102182 82069.1 101117 79337.7 100089 76759.7 99093 74321 98128.3 72011.3 97192.4 69817.7 96285.6 67728.3 95408.1 65741.9 94554.1 63848.2 93724.1 62044.8 92914.5 60323.5 92125.3 58681.4 91354.4 57115.5 90599.5 
topdown_KCC_75b_21.bmp 1.26943e+06 1.14741e+06 772906 949859 561857 830381 439515 749320 357466 689767 299464 642726 257125 603904 225108 571133 
topdown_KCC_40_51.bmp 818961 589282 541186 500431 424775 440153 355687 399349 307345 369932 271819 346844 244031 328200 221761 312567 203231 299288 187488 287808 173967 277708 162220 268709 151847 260644 142606 253353 134331 246704 126872 240603 120104 234977 113957 229753 108357 224879 103226 220318 98512.5 216035 94171.2 212000 90154.1 208191 86433.2 204584 
topdown_KCC_75a_32.bmp 843625 476402 627976 400659 509138 367810 428982 347505 370509 332083 325946 319070 291357 307286 262941 297089 239119 288072 218900 279924 201577 272448 186633 265505 173536 259082 161989 253097 151737 247498 142611 242225 134443 237248 127108 232533 120490 228061 
topdown_KCC_66_51.bmp 465050 203414 347818 186016 289154 173094 251495 163469 224729 155680 204657 149020 188745 143352 175841 138361 164940 134034 155446 130302 147058 127032 139641 124083 133027 121393 127089 118917 121660 116664 116713 114570 112199 112605 108026 110774 104145 109068 100510 107480 97136.1 105968 93975.7 104538 90992.8 103192 88180.9 101914 85526.5 100698 83009.7 99539.9 80618 98436.8 78342.7 97382.6 76175 96373.2 74106.1 95405.5 72133.3 94473.4 70249.5 93574.8 68448 92707.3 66721.3 91870.5 65062 91063.5 63468.5 90282.9 61935.3 89527.9 60463.1 88794.5 59046.9 88081.9 57681.9 87390.3 56365.7 86718.2 55095.5 86064.6 53863.8 85431.2 52676.4 84812.9 51530.4 84208.6 50426.2 83616.9 
topdown_KCC_81_11.bmp 605788 769732 
topdown_KCC_76_41.bmp 353991 161065 257933 149513 209497 140072 178076 132937 156474 126496 140009 121188 127096 116561 116604 112501 107858 108906 100482 105655 94147.6 102705 88608 100030 83666.7 97614.8 79243.7 95403.3 75269.3 93357.6 71661.7 91464.3 68377.3 89698.7 65384.1 88038.9 62651.9 86469.7 60138 84988 57817.9 83585.1 55667.7 82254.4 53666.8 80990.8 51804 79786.3 50057.8 78640.1 48416.8 77547.4 46870.4 76504.4 45410.7 75507.1 44024.3 74554.9 42706.4 73644 41458.8 72767.5 40274.6 71923.8 39150.9 71109.8 38082.5 70324.1 37065.6 69564.9 36094.5 68831.8 35167.1 68122.5 34279.8 67436.1 33430.5 66771.1 32618.6 66125.6 31841.5 65498.5 31097.4 64889 
topdown_KCC_81_21.bmp 1.02856e+06 1.24759e+06 585310 984654 410565 840090 313425 746253 251864 678446 
topdown_KCC_80_41.bmp 1.03159e+06 1.26382e+06 614043 983660 447359 835988 355609 740725 296844 672586 255444 620745 224154 579666 199750 545972 180070 517684 163628 493540 149752 472575 137917 454124 127692 437718 118776 422998 110934 409688 
topdown_KCC_80_11.bmp 690290 471481 463105 403443 361282 359278 301518 327764 261369 303869 232392 284796 210188 269177 192406 256118 177612 245044 165102 235461 154276 227084 144785 219671 136451 213008 129054 206977 122413 201489 116402 196469 110973 191831 106003 187544 101438 183562 97228.2 179849 93321.7 176379 89697.8 173119 86322.5 170050 83164.8 167154 80191.4 164421 77390.4 161833 74754.6 159374 72261.7 157036 69907 154805 67677.4 152675 65564.3 150636 63562.3 148681 61665.5 146802 
topdown_KCC_94_01.bmp 766555 478224 488457 438397 365264 397918 294602 365548 247427 340200 213618 319559 188181 302295 168248 287610 152094 274956 138705 263898 127459 254099 117857 245343 109581 237442 102340 230279 95966.3 223737 90296.9 217734 85216.7 212202 80632.7 207082 76491.1 202318 72735 197869 69314.1 193702 
topdown_KCC_94_52.bmp 810881 1.28251e+06 520594 948762 391051 794975 314126 700758 261957 635136 223532 585962 194093 547153 170944 515385 152428 488663 137389 465729 
topdown_KCC_85_11.bmp 1.03471e+06 688647 661759 614357 493519 555042 392267 511490 324657 476923 276236 448536 239882 424636 211605 404143 189019 386307 170584 370601 155244 356643 
topdown_KCC_81_31.bmp 595417 399689 405415 340554 323740 300868 274871 273870 240280 254480 214442 239338 193927 227180 177047 217126 162992 208515 150944 201076 140558 194500 131550 188591 123583 183274 116444 178466 110068 174052 104310 169989 99069.2 166236 94274.9 162753 89848.9 159518 85778.1 156485 82009.9 153638 78523 150952 75286.1 148410 72259 146007 69437.2 143722 66808 141541 
topdown_KCC_76_31.bmp 516164 540388 347666 416326 279113 353053 239512 313153 212271 285230 192116 264180 176379 247555 163439 234050 152720 222712 143642 213012 135848 204574 128990 197168 122878 190603 117377 184729 112409 179424 107861 174611 103713 170203 99879.2 166156 96323.2 162423 93010.5 158964 89941.9 155736 87073.8 152719 84390.3 149889 81874.1 147227 79513.3 144713 77281.1 142339 75164.1 140093 73152.4 137964 71233.3 135943 69400.2 134020 67647.5 132189 65974.4 130439 64374 128765 62843.9 127161 61379.8 125620 59974.7 124141 58625.7 122719 57330.6 121348 56086.4 120027 54886.1 118754 53730.6 117523 52618 116333 51544.6 115182 50505.8 114069 49500.9 112991 48528.6 111946 47587.3 110932 46677.4 109947 45796.7 108990 44942.3 108060 44114.1 107155 43311.4 106274 42532.4 105416 41777 104580 41043.8 103764 40332.3 102969 39642.7 102191 38973.6 101432 38323.7 100690 
topdown_KCC_92a_11.bmp 1.13029e+06 1.50749e+06 678365 1.15455e+06 485445 980155 376161 869120 305551 789757 256699 728965 220932 680410 193614 640453 
topdown_KCC_101_41.bmp 260118 66532.6 213856 66908.4 183892 69396.7 163575 69685.7 148463 69285.7 136611 68582 126682 68001.9 118165 67485.5 110702 67037.6 104188 66533.1 98362.1 66058.6 93140.2 65575 88402.2 65105.3 84080.6 64642.8 80122 64183.1 76483.6 63722.4 73118.8 63267.6 69994.4 62819.7 67062.9 62396.3 64305.7 61992.2 61726.1 61588.1 59299.4 61190.8 57015.3 60796.8 54855.1 60411.5 52812.7 60030.4 50888.3 59645.6 49073.9 59257 47362.1 58864.9 45753 58464.1 
topdown_KCC_95_01.bmp 973475 1.41043e+06 571951 1.07162e+06 408998 903641 317468 797917 259222 722809 218623 665850 188670 620674 165714 583661 147589 552592 
topdown_KCC_85_42.bmp 728182 318797 523656 306585 416175 293108 348655 279486 300009 268224 263174 258311 234272 249386 211120 241169 191988 233713 175866 226920 162034 220726 150041 215031 139628 209712 130428 204782 122260 200178 114948 195874 108401 191817 102499 187990 97172.7 184362 
topdown_KCC_92a_21.bmp 1.1501e+06 1.03167e+06 721613 845146 532851 739355 419434 669424 344392 617064 291037 575656 251379 541635 220943 512939 196856 488323 177360 466897 161313 448017 
topdown_KCC_92a_41.bmp 1.03175e+06 1.02786e+06 676868 807010 516436 696257 419496 625583 353332 574774 305065 535547 268189 503890 238795 477653 214975 455297 195274 435918 178674 418902 164488 403793 152242 390243 141591 377985 132255 366820 
topdown_KCC_85_32.bmp 1.36559e+06 1.89934e+06 804692 1.45119e+06 570667 1.22867e+06 442597 1.08618e+06 362328 984256 306991 906710 266449 845122 235396 794668 210810 752343 190811 716179 174231 684800 160241 657240 148272 632777 137924 610868 128886 591096 120929 573132 113866 556717 
topdown_KCC_94_11.bmp 1.11708e+06 553723 739952 546852 556886 516173 445857 486526 372014 459438 318583 436025 278133 415604 246678 397524 221393 381516 200580 367255 183150 354452 168357 342871 155670 332322 144695 322655 135118 313755 
topdown_KCC_95_11.bmp 821919 467812 577334 412397 454088 379268 375819 355280 321172 336002 279729 320386 247545 306880 221772 295020 200748 284410 183147 274915 168241 266310 155428 258477 144305 251297 134588 244667 125993 238541 118358 232844 111545 227524 105437 222537 99938 217849 
topdown_KCC_94_21.bmp 851743 474672 612583 413457 480464 386005 396896 364232 338529 346012 295145 330379 261703 316614 234907 304505 212867 293757 194345 284150 178593 275452 164980 267548 153187 260267 142881 253528 133783 247277 125689 241461 118461 236023 111978 230920 106129 226121 
topdown_KCC_94_32.bmp 634158 259434 462291 252593 378639 237931 323392 227207 284373 217672 254654 209510 230914 202483 211564 196191 195162 190689 181119 185736 168926 181234 158288 177063 148770 173277 140255 169768 132582 166502 125632 163443 119331 160550 113603 157800 108360 155192 103538 152713 99094.6 150349 94976.2 148098 91151 145948 87584.5 143893 84260.7 141922 81159.2 140026 78265.5 138197 75560.5 136431 73024.4 134727 70639.9 133082 68398.1 131492 66286.4 129953 
topdown_KCC_92a_31.bmp 1.39667e+06 1.53588e+06 836478 1.21935e+06 604351 1.04715e+06 475512 933324 392783 850688 335030 787014 292184 736003 258775 694011 231917 658635 209759 628300 191277 601856 175680 578510 162340 557700 150838 538984 
topdown_KCC_94_41.bmp 720719 311880 522107 298491 424206 280394 360306 266888 314083 255971 278776 246630 250416 238651 227578 231255 208406 224660 192127 218644 178142 213099 166020 207942 155358 203162 145879 198727 137400 194586 129793 190692 122916 187028 116646 183585 110913 180332 105664 177246 100851 174306 96423.1 171500 92335.8 168820 88552.6 166257 85049.5 163797 
topdown_KCC_85_01.bmp 1.20608e+06 710109 803079 646557 600492 600448 481026 559528 399277 526372 340727 497934 296503 473484 261622 452363 233792 433653 211060 416980 192237 401978 176350 388432 
topdown_KCC_97b_31.bmp 1.2012e+06 769088 780086 690003 578519 631188 461897 582554 383842 543786 328007 511761 285748 484897 252801 461821 226378 441732 204667 424059 186570 408325 171303 394183 158259 381385 147018 369723 
topdown_KCC_97b_11.bmp 1.11052e+06 637259 738952 584889 567080 535851 461885 498427 389829 468409 338191 442834 298328 421392 266656 402940 240864 386800 219556 372448 201585 359611 186038 348122 172481 337730 160582 328246 150108 319517 140862 311426 132650 303899 125322 296870 
topdown_KCC_100_21.bmp 482796 229760 364621 201622 300447 188030 260269 177084 231399 168567 209560 161423 192259 155330 177976 150122 165975 145541 155703 141463 146653 137877 138655 134641 131586 131652 125206 128928 119352 126465 113925 124238 108919 122178 104319 120239 100104 118388 96194.5 116641 92557.3 114985 89160.4 113413 85969 111924 82964.4 110510 80148.5 109151 77501.2 107846 75001.9 106594 72633.7 105393 70396.5 104233 68277.6 103114 66266.1 102033 64351.8 100990 62530.3 99979.6 60796.9 98999.8 59141.7 98050.9 57561.9 97129.8 56052.9 96234.5 54613.1 95362.3 53238.2 94512.1 51923.8 93683.2 
topdown_KCC_100_41.bmp 321345 93033.3 260475 90021.9 226667 87819.2 203340 86150 186321 84254.9 172645 82777.8 161441 81407.1 151753 80351.1 143351 79395.7 136081 78414.6 129650 77481.7 123840 76644.7 118561 75873.8 113773 75124.2 109409 74390.5 105374 73703.3 101587 73089.2 98074.5 72491 94779.5 71928.9 91662.2 71411.9 88752.7 70894.7 86029.2 70379.8 83453.8 69884.4 81009.4 69409.9 78692.8 68947.6 76494.8 68495.8 74394.8 68062.7 72378.8 67652 70453.8 67251 68617 66856.2 66861.2 66468.2 65184.8 66083.6 63575.9 65707.9 62032.7 65338.4 60550.6 64975.2 59122.1 64621.3 57743.7 64276.2 56418.6 63934.7 55141.7 63598.6 53910.3 63267.5 52721.7 62941.6 51574.9 62619.6 50468.6 62301 49399.5 61986.6 48366.9 61675.2 47369.6 61366.8 46404 61062.6 45469.8 60761.5 44566.6 60462.9 43694.7 60165.5 42852.2 59869.7 
topdown_KCC_101_11.bmp 326180 142673 256160 122921 220485 112371 197355 105233 180575 99921.1 167387 95854.5 156743 92491.1 147865 89643.5 140256 87210.9 133469 85202.7 127240 83590.1 121572 82208.6 116424 80970.2 111748 79825 107455 78772.3 103508 77786.8 99804.1 76904.1 96344.3 76085.9 93130.2 75300.9 90119 74558 87302.2 73843.1 84637.5 73170.9 82108.8 72538.3 79716.5 71931.5 77434.3 71359 75274.8 70801.1 73228.8 70256.1 71286 69724.5 69427.3 69213.9 67637.7 68729.3 65925.1 68259 64280.1 67805.1 62702.1 67363.6 61183.3 66936.5 59721.9 66521.1 58315.9 66115.9 56961.4 65720.4 55653.1 65336.3 54390.8 64960.8 53174.2 64591.8 51999.5 64230.3 50867.1 63873.7 49776.5 63520.8 48724.9 63172.3 47709.2 62828.6 46727.8 62489.5 45780.2 62154.1 44865.5 61822 43983 61492.5 43131.3 61165.6 42309.7 60840.8 41516.5 60518.5 40750.2 60198.9 40010 59881.7 39294.9 59567 38604.1 59254.6 37936.4 58944.5 
topdown_KCC_101_21.bmp 227702 56165.9 192010 53780.9 172046 52253.5 157610 51756.9 146269 51573.1 137206 51261.8 129719 50884.6 123433 50421.1 117930 50022.7 113049 49663.9 108643 49361.8 104570 49153.7 100840 48961.7 97441.4 48746.1 94341.4 48500.6 91476.3 48253.7 88798.3 48023.1 86289.8 47802.5 83921.5 47600 81693.6 47400.2 79591.2 47203.7 77585.9 47025.1 75659.6 46870.5 73834.2 46711.2 72095.8 46553.1 70423 46408.9 68819.5 46269.5 67278 46136.4 65794.2 46008.8 64362.3 45888 62984.4 45768.3 61655.9 45650.7 60371.4 45537.1 59124 45431.2 57921.3 45323.2 56755.1 45218.7 55623 45117.7 54527.9 45015.6 53465.5 44914.8 52434.5 44814.7 51433.3 44715.4 50461 44616.3 49513.6 44519.9 48596.2 44420.2 47706.3 44318.8 46843.1 44215.1 46005.8 44109.3 45189.9 44004.3 44394.9 43899.7 43621.3 43794.7 42865.4 43691.4 42128.4 43588.1 41409.3 43485.2 40709.1 43381.1 40026.6 43276.5 39362.7 43170.1 38715.6 43062.8 38085 42954.6 37469.8 42845.8 36871.5 42735.1 36288.9 42622.9 35721.9 42509 35170.1 42393.5 34633 42276.5 34110 42158.1 
topdown_KCC_85_22.bmp 632222 502101 426915 409720 336659 357767 284120 322757 247941 297522 221134 278073 200286 262418 183449 249447 169629 238383 158008 228802 148091 220382 139441 212928 131852 206247 125093 200224 119019 194758 113525 189764 108535 185172 103993 180922 99825.2 176978 95983 173304 92411.8 169877 89103.5 166659 86015.6 163635 83126.1 160786 80417.2 158093 77861.2 155547 75450.9 153132 73177.8 150834 71029.4 148644 68991.3 146556 67051 144563 65211.5 142653 63465.4 140821 61803.4 139061 60217.6 137371 58704.5 135744 57258.9 134177 55875.8 132666 54552.6 131207 53286.1 129797 52073.8 128433 50910.5 127112 49795 125833 48723.9 124592 47694.5 123389 46704.4 122220 45751.6 121085 44834.7 119982 43952 118908 43101.1 117863 42281.2 116845 41490.6 115854 40727.8 114887 39991.7 113944 39280.9 113024 38594.4 112125 37930.9 111248 37289.4 110391 36668.9 109553 36068.4 108734 35487 107932 34923.8 107149 34377.9 106381 
topdown_KCC_100_31.bmp 331552 163935 253256 139971 215277 126272 190897 117203 172742 110930 158795 105948 147182 102127 137403 98967.6 129252 96107.4 122386 93468.8 116408 91098.6 111128 88957.3 106343 87057.6 101992 85343 98035.9 83765.6 94416.1 82306.8 91053.2 80973.1 87920.8 79743.4 85004 78595.6 82310.4 77499.1 79800.8 76458.6 77471.6 75458.5 75287.8 74506.5 73233.9 73599.2 71291.3 72736.9 69450.5 71915.2 67710.3 71125.9 66058.3 70369.3 64488 69642.3 62997.6 68940.2 61581.2 68260.9 60229.4 67605.8 58935.9 66974.1 57694.4 66365.8 56501.4 65779.3 55353.9 65213.3 54251.3 64665.1 53186.5 64136.2 52161.5 63622.9 51172.6 63125.1 50217.4 62642.2 49292.5 62174.5 48397.3 61720.4 47530.9 61278.7 46690.8 60849.5 45874.6 60432.8 45083.4 60026.6 44316.7 59630 43572.5 59243.1 42849.3 58865.5 42147.7 58496.1 41466.3 58134.9 40804.7 57781.1 40161.4 57434.6 39534.9 57095.9 38924 56764.8 38328.6 56440.6 37748.8 56122.9 37183.6 55811.3 36632.5 55505.8 36093.8 55206.8 35568.6 54913.1 35056.1 54624.8 34555.2 54341.8 34065.7 54064.2 33587.2 53791.4 33120 53523.1 32663.8 53259.1 32217.7 52999.5 31782 52743.8 31356.2 52492.1 30939.8 52244.2 30532.5 52000 30134.6 51759.1 29745.6 51521.6 29365.5 51287.2 28994 51055.9 28630.7 50827.5 28275.3 50602.1 
topdown_KCC_101_31.bmp 312682 118653 254596 102339 222689 95069.7 200051 91228.7 182593 88761.8 169095 86463.7 158115 84449.4 148656 82865.2 140488 81470.1 133254 80278.4 126836 79186.9 121069 78189.8 115856 77261.5 111094 76404.6 106710 75614.1 102692 74847.9 98981.5 74114.1 95494.6 73446.5 92222.2 72822.7 89128.4 72248.2 86211.4 71703.4 83471.8 71170.4 80886.2 70654.2 78438.4 70155.5 76117.3 69671.9 73916 69199.5 71821.3 68740.5 69819.8 68298.1 67915.6 67862.1 66105 67429.9 64374.6 67006.9 62713.8 66596.4 61121.4 66195.2 59592.7 65802.9 58121.1 65421 56705.7 65047.1 55347.9 64677 54039 64314.8 52778.3 63958.6 51564 63607.6 50394.5 63260.8 49270.3 62916.1 48189.4 62573.5 47148.9 62233.3 46148.2 61894.7 45185.2 61558 44258.4 61222.9 43366.6 60889.5 42508.1 60557.7 41681.2 60227.7 40884.7 59899.5 40116.7 59573.7 39375.9 59250.2 38661.3 58928.9 37971.5 58610.3 37305.2 58294.3 36661.5 57981 36039.3 57670.5 35437.8 57362.8 34855.8 57058 
topdown_KCC_40_41.bmp 804235 526087 560533 444922 441637 400172 369188 368446 319535 344102 282774 324637 254074 308627 230598 295270 211029 283808 194354 273833 179811 265094 166932 257366 155569 250372 145328 244065 136124 238283 127821 232940 
