topdown_KCC_26_51.bmp 224941 90754.5 182370 77326.6 158046 71962.8 141133 68908.6 126985 67857.5 114234 68227.7 103064 68852.2 93305.5 69396.3 84517.3 69998.7 76438.9 70695.4 
topdown_KCC_32_31.bmp 288084 144539 201406 134836 157421 126541 129761 119612 110217 113901 95477.2 109076 83730.6 105002 74213.2 101394 66396.1 98116.5 59902.5 95095.8 
topdown_KCC_26_31.bmp 247764 105885 189766 95025.3 160580 87977.9 140165 84021.6 124491 81457.4 111253 80055.3 99895 79175.4 89851.2 78695.4 80845 78451.5 72980 78076.6 
topdown_KCC_32_61.bmp 374645 274422 258423 226492 204056 200265 169898 183239 145710 170873 127418 161249 112724 153559 100483 147242 90174.6 141846 81400.1 137114 
topdown_KCC_32_51.bmp 455117 238937 335082 208361 268395 194670 225668 184132 193990 176480 169092 170450 149174 165173 132623 160586 118686 156446 107011 152489 
topdown_KCC_26_71.bmp 228452 96637.9 181662 83147.3 155284 77541.5 137108 74216.3 122584 72491.8 110380 71597.2 99804.2 71181.9 90345.7 71141.3 81792.8 71309.3 73997.9 71581 
topdown_KCC_32_21.bmp 501359 356985 347137 295855 274378 262522 228926 240560 196988 224420 172386 212108 152170 202511 135351 194579 121291 187703 109435 181581 
topdown_KCC_26_41.bmp 183788 64704.5 145597 60070.9 123743 58067.5 108142 57136.9 95784.3 56801.4 85422.5 56807.7 76509.4 56956.5 68686.7 57161.4 61845 57264.4 55874.3 57203.7 
topdown_KCC_26_81.bmp 302475 168084 222034 143903 182465 130198 156801 121211 137947 114793 122910 110057 110318 106464 99389.1 103706 89619.5 101607 81006 99796.4 
topdown_KCC_32_41.bmp 235159 107462 168989 101374 133536 96885.2 109915 93384 92999.4 90122.1 80210.8 87099.9 70250.2 84248.7 62244.9 81603.1 55704.7 79127.8 50263.3 76820.6 
topdown_KCC_32_71.bmp 156419 76770.5 115973 68113 93910.5 63825.7 78985.2 61052 67765.7 59048.4 59018.8 57346.6 51933 55859.7 46116.1 54471.9 41304.6 53128.9 37288.6 51822.1 
topdown_KCC_58_41.bmp 785862 393571 526657 381125 410203 351864 337043 329865 284593 313016 244259 299557 213214 287499 188790 276527 168530 266890 151812 258074 
topdown_KCC_57a_01.bmp 606494 859332 372103 648537 272923 546869 217229 482896 180413 437911 153479 404119 133223 377316 117288 355384 104444 336969 94069.3 321147 
topdown_KCC_66_12.bmp 159738 53201.4 120890 54686.9 98968.2 54449.9 84081.2 53773.1 72823 53121.9 63888.7 52452.8 56680 51674 50687.5 50871.4 45536.9 50126.1 41139.7 49349.4 
topdown_KCC_66_02.bmp 346473 196468 235213 178432 180081 165306 146315 154625 123234 145786 105841 138639 92220.8 132610 81245.8 127390 72394 122679 65234.4 118343 
topdown_KCC_76_22.bmp 988422 825264 685663 650286 553409 560654 469412 505916 399244 473452 343078 449793 298332 430402 262574 413405 234093 397865 210922 383684 
topdown_KCC_40_21.bmp 427307 277708 299240 234775 233783 212870 193672 196978 165510 184939 144118 175455 127060 167716 113101 161161 101465 155460 91558.9 150440 
topdown_KCC_48_11.bmp 1.21932e+06 1.11084e+06 775147 898524 585239 779478 470279 702983 391741 647594 335456 604099 292560 568852 257813 539834 229830 514955 206998 493211 
topdown_KCC_40_81.bmp 846784 531237 580181 461088 451402 418034 371846 387202 316142 363695 274232 344910 241035 329463 214099 316276 191504 304929 172574 294775 
topdown_KCC_76_01.bmp 1.27239e+06 1.75864e+06 761629 1.33661e+06 553594 1.12779e+06 438481 995680 362094 902933 307377 832889 266268 777380 234071 731950 208414 693749 187678 660969 
topdown_KCC_40_02.bmp 818768 585434 567702 483758 440247 434016 360963 400075 303835 375567 260574 356174 226935 339845 200115 325682 178353 313135 160633 301760 
topdown_KCC_76_11.bmp 646244 602035 394550 494248 289035 429974 229138 386393 189878 354314 161709 329458 140484 309375 123853 292689 110516 278492 99572.2 266215 
topdown_KCC_40_31.bmp 835428 781897 548826 621442 421253 538078 342745 485171 288897 446963 249102 417516 218012 393908 192890 374366 172263 357706 155258 343133 
topdown_KCC_75b_11.bmp 974815 980312 594039 789165 432216 682985 340648 611977 280657 560123 238363 519836 206577 487424 181785 460560 161978 437760 145898 418042 
topdown_KCC_57b_01.bmp 2.38734e+06 2.91586e+06 1.39271e+06 2.27e+06 1.00127e+06 1.92766e+06 780940 1.70927e+06 637917 1.55354e+06 536334 1.43512e+06 462081 1.34028e+06 405591 1.26203e+06 361052 1.19608e+06 325093 1.1395e+06 
topdown_KCC_58_21.bmp 845076 928342 515435 733456 375328 630238 297227 562036 245512 513070 208804 475401 181131 445254 159512 420355 142185 399294 128091 381127 
topdown_KCC_48_51.bmp 949072 593130 614394 536971 459722 489882 369668 451847 308182 422335 263442 398232 229193 378058 202222 360725 180587 345522 162786 332086 
topdown_KCC_40_11.bmp 798713 489246 540592 432876 416232 394646 340886 365764 288825 343248 250111 325035 219627 310013 195089 297139 174839 285919 157677 276071 
topdown_KCC_48_41.bmp 1.03523e+06 866471 677335 708987 512737 623482 414294 565958 346865 523700 296547 491018 258025 464204 227384 441665 202640 422200 182504 405026 
topdown_KCC_57b_21.bmp 771325 709976 521298 560936 396242 490799 319361 445281 266405 412018 227374 386051 197574 364746 174043 346787 155122 331278 139723 317634 
topdown_KCC_57a_21.bmp 1.03614e+06 1.06784e+06 623376 858823 452873 740744 356667 662404 293792 605441 248880 561594 215284 526305 189292 497020 168569 472191 151799 450733 
topdown_KCC_40_71.bmp 713144 379477 496194 345752 391745 318718 323711 300133 274923 285621 237850 273577 208752 263104 185109 253921 165455 245756 149100 238240 
topdown_KCC_66_41.bmp 1.00599e+06 818578 683472 661938 529127 582472 431548 531814 361090 495955 308558 467635 268010 444115 235965 423937 210214 406227 189315 390410 
topdown_KCC_66_31.bmp 913312 462646 613589 447145 469523 418115 380068 393819 317515 373732 271412 356349 235900 341147 207927 327547 185430 315273 167073 304098 
topdown_KCC_48_01.bmp 693062 494643 448162 427291 339132 381306 274737 348465 230897 323726 198265 304358 173050 288443 152742 275092 136296 263481 122794 253207 
topdown_KCC_40_61.bmp 558454 438565 370558 362903 284117 320493 230590 292592 192943 272288 165131 256203 143762 242887 126824 231564 113153 221707 101979 212975 
topdown_KCC_75a_21.bmp 651314 693570 412156 545211 305011 470015 243097 420804 201403 385429 171390 358139 148765 336136 131105 317853 116938 302322 105373 288883 
topdown_KCC_58_31.bmp 736536 531520 493616 448105 381131 398801 311311 365891 261097 342276 224115 323168 195583 307221 172601 293718 153985 281862 138738 271266 
topdown_KCC_75a_01.bmp 945836 845063 597770 691194 440278 606374 347857 548769 286838 505634 243667 471471 211113 443654 185687 420367 165453 400399 149025 383006 
topdown_KCC_80_21.bmp 1.0265e+06 622696 673538 567134 500458 523375 399296 485561 331784 454555 283028 428853 246053 407110 217029 388382 193525 372080 174380 357566 
topdown_KCC_40_41.bmp 620661 466311 414798 389107 320380 344534 263721 314031 224354 291664 194976 274207 171641 260203 152601 248540 136648 238618 123243 229907 
topdown_KCC_57b_11.bmp 913782 953478 608765 738883 460085 638511 367969 575274 306528 528856 262086 492796 228201 463659 201400 439420 179723 418761 161944 400806 
topdown_KCC_58_11.bmp 570009 724415 360241 553078 269146 469365 216502 416476 180589 379303 154558 351072 134723 328612 119031 310159 106315 294608 95838.1 281239 
topdown_KCC_57a_31.bmp 1.10997e+06 958696 720754 781097 535344 689228 425354 626263 353250 578245 299971 541024 259744 510407 228490 484488 203514 462162 183256 442599 
topdown_KCC_57a_11.bmp 424187 401801 269765 323362 202134 280741 162740 252481 136232 231935 117202 215941 102513 203121 90754.9 192523 81130.7 183535 73147.1 175750 
topdown_KCC_58_01.bmp 686961 500429 453275 424729 341630 380999 274800 349599 229655 325418 196405 306194 170959 290225 150918 276590 134736 264742 121430 254296 
topdown_KCC_80_31.bmp 1.27566e+06 1.14277e+06 793127 936541 578897 820448 456248 740521 377016 680378 321248 633064 279500 594662 246457 562870 219893 535809 198166 512349 
topdown_KCC_66_21.bmp 278863 259064 178005 209229 133471 182062 107460 163967 89857 150814 77019.7 140627 67205.4 132392 59454.9 125523 53159.6 119674 47950 114601 
topdown_KCC_48_31.bmp 258948 158718 185005 134732 147818 122024 122749 114279 104250 108710 90267 104047 79231.7 100048 70335.1 96500 62972.4 93332.5 56811.3 90450.3 
topdown_KCC_75b_21.bmp 1.47508e+06 1.1987e+06 910107 1.0175e+06 673695 894567 532614 811834 439515 749320 371481 700539 320441 660368 281006 626358 250024 596919 225108 571133 
topdown_KCC_40_51.bmp 485175 473460 315749 375237 239205 324856 193498 292211 162220 268709 139188 250623 121407 236067 107296 223942 95865.9 213586 86433.2 204584 
topdown_KCC_75a_32.bmp 631043 401517 431712 348190 328282 319828 265024 297861 220778 280709 188322 266309 163523 253911 144003 243049 128373 233363 115650 224645 
topdown_KCC_66_51.bmp 233858 158547 162559 133081 127885 119251 106135 109937 90703.1 103062 78968.2 97673.3 69627.3 93277 61995.4 89557.7 55623.9 86336.7 50210.2 83499.9 
topdown_KCC_81_11.bmp 1.89948e+06 945370 1.36166e+06 858524 1.02173e+06 850720 809280 822933 665948 789175 564303 754780 487691 723037 428525 693806 381553 667146 343636 642776 
topdown_KCC_76_41.bmp 173181 131561 112913 111021 85578.9 98552.6 69010 90042.6 57817.9 83585.1 49721.6 78417.3 43488.2 74186.3 38503.7 70635 34454.2 67571.6 31097.4 64889 
topdown_KCC_81_21.bmp 1.67187e+06 1.4658e+06 997362 1.23298e+06 720219 1.0783e+06 566162 970128 466617 889618 396114 826853 343070 776180 301775 734016 268897 698100 242230 666968 
topdown_KCC_80_41.bmp 765532 1.09606e+06 447359 835988 323427 704103 255444 620745 211240 562043 180070 517684 156408 482706 137917 454124 123091 430165 110934 409688 
topdown_KCC_80_11.bmp 336448 346900 215870 273267 164178 234751 133091 210283 112018 192729 96582.5 179279 84655.7 168523 75063.1 159663 67159.5 152178 60575.7 145709 
topdown_KCC_94_01.bmp 466144 432067 279605 357870 202139 311937 158827 280297 130639 256921 110828 238654 96086.6 223862 84641.3 211567 75479.9 201132 68030.2 192107 
topdown_KCC_94_52.bmp 782435 1.25047e+06 500317 925003 374510 774968 299964 683003 249274 619006 212076 571007 183720 533088 161553 502020 143938 475868 129658 453433 
topdown_KCC_85_11.bmp 957616 676894 604451 595270 445435 535383 351403 491258 289233 456532 245079 428207 212108 404525 186612 384318 166329 366818 149821 351473 
topdown_KCC_81_31.bmp 347359 313488 232331 249891 178285 217871 144942 197301 122092 182275 105194 170617 92104.5 161173 81576.9 153308 72967.2 146572 65805.9 140696 
topdown_KCC_76_31.bmp 193186 265299 129768 198010 100548 166860 82463.5 147851 69940.9 134587 60474.2 124667 53079.9 116828 47110.3 110416 42182 105029 38069.2 100398 
topdown_KCC_92a_11.bmp 1.25551e+06 1.59268e+06 762938 1.22507e+06 550957 1.04279e+06 431149 925921 351930 842787 296582 778990 255874 727890 224711 685726 200066 650162 180168 619607 
topdown_KCC_101_41.bmp 185904 69252.1 138336 68707.6 112396 67152.8 94756.6 65726.2 81668.4 64363.8 71463.4 63036 63151.1 61813.4 56223.3 60657.7 50370 59536.7 45443.3 58382.7 
topdown_KCC_95_01.bmp 987676 1.42143e+06 581171 1.08063e+06 416115 911480 323283 805004 264090 729362 222835 671971 192381 626443 169016 589138 150565 557818 135626 531030 
topdown_KCC_85_42.bmp 526456 306857 350926 279977 265115 258888 212805 241800 177368 227570 151390 215694 131649 205451 116062 196546 103516 188664 93274.1 181593 
topdown_KCC_92a_21.bmp 1.07149e+06 1.00034e+06 665643 814492 485824 711528 379877 642650 310426 591164 261400 550554 225325 517230 197722 489241 175962 465300 158442 444502 
topdown_KCC_92a_41.bmp 783063 878720 497860 683070 368447 586643 292226 524732 241460 480081 205075 445666 177760 417946 156448 394961 139432 375442 125595 358564 
topdown_KCC_85_32.bmp 908327 1.54116e+06 506100 1.15931e+06 352125 970500 270733 851852 219999 768442 185176 705670 159727 656206 140277 615917 124946 582264 112548 553601 
topdown_KCC_94_11.bmp 874274 556597 546049 513714 396849 469434 311324 432603 255365 402716 216044 377943 186737 357156 164093 339389 146141 323959 131624 310387 
topdown_KCC_95_11.bmp 583912 413996 381010 357014 284195 322100 225543 296825 186439 276732 158333 260295 137185 246471 120706 234624 107561 224296 96897 215168 
topdown_KCC_94_21.bmp 629826 417167 410961 368384 306883 334887 244972 309168 203217 288829 172910 272206 149950 258193 132088 246081 117781 235498 106129 226121 
topdown_KCC_94_32.bmp 361060 234695 240723 205480 183243 186488 147700 172841 123038 162267 105037 153493 91298.9 146032 80446.4 139581 71765.8 133865 64684 128757 
topdown_KCC_92a_31.bmp 1.05308e+06 1.35395e+06 611075 1.05263e+06 435157 894009 339007 791580 277877 718284 234862 662588 202727 618379 178013 582062 158478 551500 142719 525295 
topdown_KCC_94_41.bmp 461119 287871 309348 254789 234420 233537 188584 217271 157384 204092 134573 193154 117127 183852 103303 175817 92178.8 168716 83071 162368 
topdown_KCC_85_01.bmp 1.06469e+06 690577 681160 623495 503232 567782 396556 525156 326207 490228 275960 461331 238383 436858 209425 415721 186537 397223 167986 380900 
topdown_KCC_97b_31.bmp 979302 730514 603136 639968 438690 571738 344117 521366 282089 482436 238394 451035 205858 425061 180785 403065 160961 384097 144956 367512 
topdown_KCC_97b_11.bmp 777890 594143 490910 509471 361196 454506 286118 414451 236280 383800 200920 359127 174013 338926 152909 321892 136145 307146 122610 294186 
topdown_KCC_100_21.bmp 260269 177084 177976 150122 138655 134641 113925 124238 96194.5 116641 82964.4 110510 72633.7 105393 64351.8 100990 57561.9 97129.8 51923.8 93683.2 
topdown_KCC_100_41.bmp 183653 83963.1 133676 78075.7 107192 74014.3 89545.3 71041.4 76710.2 68539.9 66724.3 66437.2 58759.3 64530.5 52211.7 62799.6 46767.3 61177.6 42198.9 59634.1 
topdown_KCC_101_11.bmp 170993 97017.6 124918 83007.3 99447.2 76819.8 82602.7 72663.1 70346.4 69466.7 60886.6 66852.5 53293.9 64628.4 47116.1 62624.7 42068.9 60743.9 37936.4 58944.5 
topdown_KCC_101_21.bmp 133009 51055.2 100557 48945 82524.5 47475.9 70161.8 46386.5 60752.2 45570.9 53215.4 44890.6 47030.9 44237.9 41896.5 43555 37555 42861.2 33904.7 42110.4 
topdown_KCC_85_22.bmp 213489 272396 134184 208307 99745.5 176902 79480.9 157160 65752.5 143218 55821.8 132606 48328.1 124131 42507.7 117128 37891.8 111196 34164.3 106079 
topdown_KCC_100_31.bmp 138309 99262.8 95118.6 82587.8 73838 73866.6 60762.7 67865.1 51663 63371.9 44773.8 59866.9 39350 56995.8 34955 54567.7 31314.1 52467.1 28275.3 50602.1 
topdown_KCC_101_31.bmp 169095 86463.7 121069 78189.8 95494.6 73446.5 78438.4 70155.5 66105 67429.9 56705.7 65047.1 49270.3 62916.1 43366.6 60889.5 38661.3 58928.9 34855.8 57058 
topdown_KCC_40_41.bmp 620661 466311 414798 389107 320380 344534 263721 314031 224354 291664 194976 274207 171641 260203 152601 248540 136648 238618 123243 229907 
