topdown_KCC_26_51.bmp 343214 75657.6 266093 18415.1 222262 8377.62 207279 6394.94 200865 5694.12 187222 4442.3 180102 3898.76 176096 3621.45 167985 3116.11 161016 2735.61 
topdown_KCC_32_31.bmp 485412 808087 384488 179448 311594 58635.6 263877 27250.4 238427 17791.2 223715 13801.7 204757 9852.96 188829 7347.86 178806 6074.94 163650 4512.31 
topdown_KCC_26_31.bmp 420193 221525 313569 33854.7 260398 13714.2 230916 8298.93 210084 5795.82 191510 4187.24 182241 3551.47 172892 3001.73 161887 2454.79 154243 2129.61 
topdown_KCC_32_61.bmp 588581 670515 461768 174883 404167 91322.4 359793 54051.7 329220 37088.9 291614 22846.9 253935 13652.6 221943 8559.19 203634 6451.68 187472 4970.48 
topdown_KCC_32_51.bmp 832499 4.54409e+06 588186 366068 496369 149690 404059 60537.2 355853 37227.7 333616 29583 315390 24418.5 303433 21487.7 289106 18391.7 285098 17599.4 
topdown_KCC_26_71.bmp 313673 37531 277959 18990.9 245101 10220.6 218857 6236.15 201415 4483.37 189218 3553.6 176884 2803.53 169966 2451.6 163719 2170.03 158699 1966.05 
topdown_KCC_32_21.bmp 1.09518e+06 1.43408e+07 625915 397583 503246 142516 446715 86340.6 417872 66237.3 376499 44677.3 336285 29906.6 311247 23030.8 294955 19324 271602 14896.1 
topdown_KCC_26_41.bmp 285366 43804.7 205901 6387.74 188348 4249.48 169982 2777.53 161481 2280.08 153902 1910.82 148537 1685.17 139212 1352.33 132129 1142.18 126936 1007.93 
topdown_KCC_26_81.bmp 508633 596591 406376 124057 348211 51120.5 296246 22961.3 267173 14552.9 244040 10056.3 215477 6298.76 195474 4493.49 183287 3638.91 179185 3386.03 
topdown_KCC_32_41.bmp 364402 183560 314817 71072.3 264582 27132.8 231500 14215.8 208026 8880.23 182485 5231.02 167790 3815.09 152472 2714.36 145155 2295.64 134946 1805.64 
topdown_KCC_32_71.bmp 259655 51882 197213 9388.55 164990 3908.26 143836 2172.41 130495 1485.59 120278 1102.32 113034 887.736 105986 715.703 102297 638.014 96319 527.715 
topdown_KCC_58_41.bmp 1.38835e+06 1.14907e+08 1.05635e+06 1.14977e+07 951118 5.79125e+06 849728 3.01407e+06 768740 1.78917e+06 762619 1.71978e+06 585832 535771 557913 442558 499815 294368 452626 208703 
topdown_KCC_57a_01.bmp 1.23982e+06 2.77447e+06 761975 729267 657451 502076 472237 225657 443872 195214 401973 155217 368240 127065 359902 120636 328257 98061 277734 67685.7 
topdown_KCC_66_12.bmp 259491 377615 197597 32890.3 167186 11600.4 156193 8074.74 147872 6158.24 134694 4023.93 124116 2862.58 114653 2108.5 108941 1750.93 103868 1482.69 
topdown_KCC_66_02.bmp 531396 281644 469113 167260 364901 66589.5 331068 48307.6 305185 37388 281792 29368.5 239298 18370.5 207099 12432.3 187758 9644.67 171761 7710.36 
topdown_KCC_76_22.bmp 2.89163e+06 1.09012e+09 2.69912e+06 4.9997e+08 1.10807e+06 2.85284e+06 984393 1.90301e+06 699166 681563 666968 599365 637300 530729 635258 526241 553315 368784 535075 339210 
topdown_KCC_40_21.bmp 932701 3.30477e+07 564253 698086 424234 153155 375836 88181.8 336635 55446.2 315798 42991 301807 36109.8 288988 30689.1 272718 24856.3 253859 19334.3 
topdown_KCC_48_11.bmp 3.68012e+06 2.30138e+08 1.62398e+06 4.75694e+06 1.08262e+06 1.39231e+06 951206 981019 943634 960529 893749 833397 723860 490851 701217 454414 581225 291665 553449 260605 
topdown_KCC_40_81.bmp 1.42575e+06 2.70908e+07 1.18828e+06 7.49104e+06 990470 2.56321e+06 938274 1.92433e+06 815893 970909 750717 667951 650049 367650 600661 271196 514858 156013 496786 138193 
topdown_KCC_76_01.bmp 4.33177e+06 6.2559e+07 1.41476e+06 2.27204e+06 955710 912299 611975 344965 543639 268644 422634 159266 411509 150780 364792 117895 356373 112434 335298 99375 
topdown_KCC_40_02.bmp 1.56362e+06 5.96276e+06 1.11519e+06 1.34914e+06 897383 618718 778260 390329 700950 283927 652562 230347 591619 174660 534706 132694 453182 86388.4 435344 78102.6 
topdown_KCC_76_11.bmp 1.49956e+06 3.20842e+06 930696 599592 799393 381400 562574 147070 451168 84822.4 404072 65116.7 354858 48054.7 307742 34721.2 258716 23607.4 241213 20258.8 
topdown_KCC_40_31.bmp 1.95874e+06 6.90033e+06 1.24999e+06 1.28295e+06 855239 408162 721230 257044 652409 198080 585856 151012 531920 119148 491032 98331.2 446708 78708.9 383209 55390.4 
topdown_KCC_75b_11.bmp 2.6976e+06 1.06937e+07 1.32968e+06 1.23775e+06 1.1843e+06 923059 832510 399212 699250 269845 627662 212997 507406 135157 376394 72792.7 347098 61744.9 310959 49480.1 
topdown_KCC_57b_01.bmp 1.30838e+07 1.7646e+10 4.71894e+06 7.76672e+07 3.93581e+06 4.46595e+07 3.29898e+06 2.71068e+07 2.45021e+06 1.24485e+07 2.26619e+06 1.02529e+07 1.97232e+06 7.32143e+06 1.64416e+06 4.77606e+06 1.2721e+06 2.67316e+06 1.21913e+06 2.43304e+06 
topdown_KCC_58_21.bmp 1.84934e+06 3.46826e+06 1.10377e+06 782054 847809 400660 571747 158304 499138 116607 434626 85909.8 381089 64588.7 349065 53514.5 314003 42752.3 281380 33959.8 
topdown_KCC_48_51.bmp 1.87904e+06 1.71353e+07 1.22791e+06 2.00162e+06 1.171e+06 1.64951e+06 1.04788e+06 1.07478e+06 734902 326617 627623 204947 554161 144849 493529 106320 449929 83763.7 371420 52143.5 
topdown_KCC_40_11.bmp 1.66697e+06 2.76804e+08 946136 2.83356e+06 882591 1.88975e+06 780793 976900 702843 581778 580381 248894 529174 171454 476156 114829 425143 76678.3 399280 61965.2 
topdown_KCC_48_41.bmp 2.23001e+06 9.60458e+06 1.5116e+06 2.23664e+06 1.14721e+06 949221 954509 565129 793649 346732 696519 249336 659742 218136 570718 153916 539758 134997 496032 110995 
topdown_KCC_57b_21.bmp 1.32653e+06 900650 896528 320669 785214 232163 689143 170616 619648 133600 533180 95339.5 498554 82231.2 450166 65867.5 425753 58433.3 404902 52501 
topdown_KCC_57a_21.bmp 3.40564e+06 4.35559e+07 1.3915e+06 1.64365e+06 881177 498645 755703 344521 674991 264463 594465 197697 483916 124950 410777 87514.3 377942 73220.2 316351 50303.3 
topdown_KCC_40_71.bmp 1.1606e+06 8.45916e+06 940848 1.89512e+06 828691 901780 711509 414971 671934 318430 574722 164074 488106 88631.3 442850 63318.3 399639 45337.8 380438 38889.9 
topdown_KCC_66_41.bmp 1.91132e+06 5.12154e+06 1.13432e+06 926684 1.05622e+06 756776 834530 401817 752518 308811 705492 263055 624912 196009 599269 177423 571421 158627 546129 142752 
topdown_KCC_66_31.bmp 1.70491e+06 8.61692e+06 1.32538e+06 2.62639e+06 1.05871e+06 1.09673e+06 920062 675693 800629 433255 765204 377336 693670 282300 626545 211542 581433 172374 538865 140736 
topdown_KCC_48_01.bmp 1.39849e+06 2.34313e+06 1.08102e+06 826295 830698 335192 734394 228817 498154 77347.5 453022 60585.7 394762 43014 359327 34276.1 331631 28354.3 292388 21192.7 
topdown_KCC_40_61.bmp 995876 398671 734366 161912 545609 74029.1 472271 51875.3 415253 38192 374289 30019.9 330100 22586.5 302892 18659.6 275424 15158 261898 13595.2 
topdown_KCC_75a_21.bmp 1.60206e+06 931251 861070 199507 591484 87249.1 529891 69121.6 457473 50897.1 395148 37709.6 352176 29883.6 309344 23062.9 283874 19454.7 263604 16815.4 
topdown_KCC_58_31.bmp 1.64955e+06 5.47084e+06 913265 434526 760650 239091 697148 183294 604602 121366 526934 83333 504024 74094.5 482334 66078.3 430047 49395.1 412485 44552.3 
topdown_KCC_75a_01.bmp 1.80476e+06 3.32376e+06 1.3098e+06 1.25395e+06 974463 564124 804206 348001 661902 217882 551848 142963 500996 114876 425138 79806.1 371437 59502.7 351192 52751.6 
topdown_KCC_80_21.bmp 1.84077e+06 1.99597e+07 1.59396e+06 9.74612e+06 1.21484e+06 3.16848e+06 1.10169e+06 2.22727e+06 1.00822e+06 1.64722e+06 870548 1.03136e+06 695732 535860 692673 529328 587472 339395 568019 310879 
topdown_KCC_40_41.bmp 1.29367e+06 4.60669e+07 773546 1.09399e+06 614969 326589 499876 128026 462190 92678.1 423937 66034.8 370426 40168.8 347429 32118.9 325359 25739.7 306584 21194.6 
topdown_KCC_57b_11.bmp 1.44118e+06 1.08862e+06 1.17363e+06 663279 1.0194e+06 477966 822959 295087 728668 225920 625708 162709 594664 146012 564334 130707 528879 114045 488092 96467.3 
topdown_KCC_58_11.bmp 989806 440894 673094 176137 489472 85538.3 422430 61770 374274 47432.9 342669 39195.7 307078 30980.6 254111 20734.1 233463 17352 216083 14761 
topdown_KCC_57a_31.bmp 2.64833e+06 8.3607e+06 1.58199e+06 1.46569e+06 1.05761e+06 500253 877306 318290 722739 203602 689945 183444 621403 145541 548845 111210 503300 92474.7 471043 80438.9 
topdown_KCC_57a_11.bmp 993265 446976 531934 72419.8 437011 43921 334917 23126.7 280491 15357.8 241366 10959 218969 8840.97 194138 6806.26 175009 5449.69 155109 4221.55 
topdown_KCC_58_01.bmp 1.17656e+06 804639 925256 364937 737253 187659 614658 114893 531929 79420.8 474316 59907.5 438212 49549.8 401179 40266.5 367751 32953.1 335131 26710.7 
topdown_KCC_80_31.bmp 5.05687e+06 5.69458e+09 2.76277e+06 5.97573e+07 2.33365e+06 2.81103e+07 2.27916e+06 2.55039e+07 1.2962e+06 3.66524e+06 1.2378e+06 3.20081e+06 1.15545e+06 2.62628e+06 1.11408e+06 2.36988e+06 1.02678e+06 1.89193e+06 923282 1.42359e+06 
topdown_KCC_66_21.bmp 529693 56485.3 334809 15859.8 273779 9584.22 234732 6624.92 203330 4742.38 177541 3485.95 140308 2075.21 127161 1679.11 118552 1446.21 110943 1257.09 
topdown_KCC_48_31.bmp 386217 126003 300993 33502 273254 21376 248652 14183.8 222073 8961.65 199999 6021.96 183341 4406.7 163869 3008.33 154116 2464.64 145295 2046.76 
topdown_KCC_75b_21.bmp 4.2461e+06 4.55043e+08 2.53533e+06 2.03192e+07 1.49522e+06 2.88037e+06 1.23464e+06 1.61273e+06 978448 842768 806773 509534 684440 338458 616045 262566 602166 248711 539886 192465 
topdown_KCC_40_51.bmp 1.04699e+06 623888 545614 85383.6 455447 53158.3 357032 29032 303221 19691.2 269930 15044.8 242643 11811.4 218755 9371.15 207662 8354.12 195753 7340.4 
topdown_KCC_75a_32.bmp 966276 351644 773166 181934 663000 119505 600902 92403.9 546614 72671.5 482889 53578 449025 45010 421584 38792 394667 33279.2 365189 27864 
topdown_KCC_66_51.bmp 401575 357834 295087 48461.5 239547 16209.7 208379 8499.77 179994 4585.73 163077 3119.01 147046 2131.12 134781 1572.58 122900 1156.92 115936 959.939 
topdown_KCC_81_11.bmp 
topdown_KCC_76_41.bmp 336175 4.90478e+06 223416 145226 180637 36622.6 149145 12643.4 129482 6283.98 111110 3154.99 95148 1667.69 84939 1081.4 79543 851.493 73668 650.272 
topdown_KCC_81_21.bmp 4.08486e+06 8.33664e+07 2.52242e+06 1.50684e+07 2.32081e+06 1.16952e+07 1.94491e+06 7.01958e+06 1.38792e+06 2.8637e+06 1.16596e+06 1.85706e+06 1.13702e+06 1.74698e+06 1.05656e+06 1.46403e+06 905491 1.01771e+06 817031 802948 
topdown_KCC_80_41.bmp 2.03548e+06 2.57773e+06 856241 261765 576542 108157 416877 54419.2 362386 40761.6 319294 31496.9 280534 24268.3 259220 20723.6 228661 16158.3 206127 13173 
topdown_KCC_80_11.bmp 678234 229453 477503 62267.5 334867 20640.1 259746 10217.7 219451 6601.43 190282 4631.47 170176 3538.82 153203 2763.92 142389 2334.08 128766 1857.58 
topdown_KCC_94_01.bmp 1.04915e+06 999242 759826 302444 499675 85835.7 397458 46847.6 308847 25119.5 253394 15787.6 229905 12646.1 189523 8226.4 169948 6488.69 154161 5263.25 
topdown_KCC_94_52.bmp 1.44711e+06 2.35356e+06 763565 466764 660061 331264 585401 251045 534617 204152 476229 157368 411263 113664 350110 79964.4 336929 73590.7 309006 61085.4 
topdown_KCC_85_11.bmp 1.89792e+06 4.93707e+06 1.43573e+06 1.60902e+06 1.08288e+06 642314 1.00384e+06 514104 845640 319414 711118 203847 550070 109500 522076 97002 510608 92172.3 443862 67180.3 
topdown_KCC_81_31.bmp 661111 228610 459415 61186.6 333118 22963.3 279204 14096.5 237716 9256.11 200056 6021.91 187804 5168.92 177267 4504.79 165785 3849.46 155692 3328.67 
topdown_KCC_76_31.bmp 275453 5557.89 195668 2646.11 166862 1896.98 148506 1493.07 133098 1195.54 119830 968.368 108932 801.135 101172 692.397 94800 609.401 87612 522.464 
topdown_KCC_92a_11.bmp 3.14915e+06 1.72203e+07 1.48962e+06 2.02357e+06 1.18506e+06 1.15334e+06 859169 545299 770291 426505 687310 331300 597368 243973 570021 220504 469563 145854 421068 115991 
topdown_KCC_101_41.bmp 290980 115738 233800 27045.5 207449 14140.1 190005 9221.28 172899 6052.7 159102 4294.94 146623 3134.96 129416 2009.41 122944 1692.53 114226 1336.74 
topdown_KCC_95_01.bmp 1.52138e+06 1.71712e+06 1.47516e+06 1.59388e+06 1.0715e+06 756296 770520 364506 680837 279328 598487 212468 532575 166345 429744 106735 396981 90753.2 354901 72272.6 
topdown_KCC_85_42.bmp 962873 939455 742071 313837 603805 150414 517074 91323.9 461806 64952.5 414672 47666.6 355136 31209 325693 24876.7 289904 18512.1 270385 15583 
topdown_KCC_92a_21.bmp 1.86612e+06 3.6854e+06 1.44474e+06 1.67725e+06 1.32295e+06 1.30474e+06 992495 605285 822049 378268 754729 307759 630354 201613 532063 137096 464250 101283 452357 95675 
topdown_KCC_92a_41.bmp 1.89592e+06 3.07035e+06 907937 375789 742538 229099 625956 152949 530121 104452 457212 74994.8 417194 61296.2 399645 55807.2 351592 42313.5 330305 37025.5 
topdown_KCC_85_32.bmp 2.17546e+06 3.36191e+06 1.10646e+06 743024 788492 361227 607163 209328 498338 139275 418785 97578.3 351274 68271.7 309772 52952.7 243346 32603.3 204743 23087.8 
topdown_KCC_94_11.bmp 1.92026e+06 7.28416e+07 1.23591e+06 2.82711e+06 1.01237e+06 1.10716e+06 883199 638848 779647 405071 651494 223124 584405 159787 478012 89834.1 417183 62340.2 385222 50718.7 
topdown_KCC_95_11.bmp 1.01346e+06 541030 760921 233907 667138 163868 526031 89169.9 478423 70656.2 422923 52594.4 365637 37464.4 340144 31761.3 307557 25314.8 283928 21195.9 
topdown_KCC_94_21.bmp 1.04164e+06 425894 848238 234284 652559 116870 554155 77958 495414 59658.4 455879 49137.3 435200 44161.7 378682 32262 342993 25929.5 324779 23023.2 
topdown_KCC_94_32.bmp 697484 348792 505918 85295.9 376816 30551.3 315622 17781.9 282431 12941.3 242843 8587.47 231359 7563.79 210556 5942.88 185611 4349.07 170544 3547.88 
topdown_KCC_92a_31.bmp 2.11179e+06 2.85443e+06 1.46123e+06 1.11506e+06 1.10764e+06 578538 728689 226727 569044 133347 489669 97194.9 434632 75838.1 366387 53358.8 331967 43635 300564 35675.5 
topdown_KCC_94_41.bmp 916544 460730 595669 97812.7 477727 50616.2 431165 38046.5 371236 25564.3 331414 19154.8 292364 14078 268759 11513.6 250798 9790.31 237417 8625.26 
topdown_KCC_85_01.bmp 1.96307e+06 1.367e+07 1.41753e+06 2.94037e+06 1.19568e+06 1.52984e+06 966324 740092 814868 436816 765192 363075 704702 286944 646851 226299 547162 144989 496226 112918 
topdown_KCC_97b_31.bmp 2.14326e+06 5.92496e+06 1.30876e+06 1.20243e+06 1.1718e+06 879625 888021 420778 738336 265205 651000 195650 571835 144128 477579 95319.5 435187 77344.8 388402 60111.7 
topdown_KCC_97b_11.bmp 1.55793e+06 1.42669e+06 1.18827e+06 578203 826083 207608 637236 108344 569849 83073.6 470822 53619.3 396084 36585.8 372289 31990.4 341980 26671.2 317162 22740.3 
topdown_KCC_100_21.bmp 446186 520859 325938 72984 279924 33235.2 238940 15971.8 195824 7025.18 176861 4782.38 158002 3200.77 149258 2636.36 135408 1915.48 125790 1518.8 
topdown_KCC_100_41.bmp 291467 52345.6 228907 13704.2 199114 7097.5 178007 4387.49 159524 2837.85 144718 1975.98 133007 1468.73 125849 1218.55 117951 986.165 111426 823.873 
topdown_KCC_101_11.bmp 262822 7233.68 205180 3519.86 178438 2413.55 156817 1728.58 140407 1312.23 130312 1094.63 121704 929.972 114350 803.4 106293 678.61 100479 597.02 
topdown_KCC_101_21.bmp 194206 8540.73 164007 3605.17 144289 2033.9 131283 1382.85 119453 965.346 109755 713.235 101359 544.747 94589 435.659 89932 372.181 85422 318.469 
topdown_KCC_85_22.bmp 381429 27326.4 256224 9691.83 184930 4403.49 156676 2994.32 137617 2227.69 122083 1702.3 106123 1248.37 94592 970.91 86093 791.954 78491 649.417 
topdown_KCC_100_31.bmp 237395 4928.07 170522 1964.64 143471 1260.15 123530 871.31 110636 669.323 98093 505.383 90234 417.457 80802 325.672 72666 257.634 66586 213.045 
topdown_KCC_101_31.bmp 273958 8764 213204 4406.31 184890 3051.84 163657 2253.15 143175 1632.1 130408 1310.16 116714 1014.54 109342 875.018 102057 749.737 98010 685.307 
topdown_KCC_40_41.bmp 1.29367e+06 4.60669e+07 773546 1.09399e+06 614969 326589 499876 128026 462190 92678.1 423937 66034.8 370426 40168.8 347429 32118.9 325359 25739.7 306584 21194.6 
