topdown_KCC_26_51.bmp 0 0 0 0 0 0 0 0 0 0 0 6 7 11 15 19 22 32 59 98 116 124 180 121 31 6 3 
topdown_KCC_32_31.bmp 0 0 0 0 0 0 0 0 0 0 0 24 31 49 58 77 84 105 116 138 155 134 112 73 57 24 8 2 
topdown_KCC_26_31.bmp 0 0 0 0 0 0 0 0 0 0 0 14 18 26 28 36 42 46 75 102 148 193 208 116 41 17 4 
topdown_KCC_32_61.bmp 0 0 0 0 0 0 0 0 0 0 0 8 22 17 31 41 54 74 96 120 158 157 152 91 42 42 13 2 0 1 
topdown_KCC_32_51.bmp 0 0 0 0 0 0 0 0 0 0 0 12 13 16 19 34 24 34 54 63 90 81 105 79 68 29 12 7 1 
topdown_KCC_26_71.bmp 0 0 0 0 0 0 0 0 0 0 0 11 13 19 15 31 40 54 85 124 176 218 234 153 54 9 1 1 
topdown_KCC_32_21.bmp 0 0 0 0 0 0 0 0 0 1 0 4 18 16 14 26 35 52 53 70 73 110 121 93 55 33 8 10 2 1 
topdown_KCC_26_41.bmp 0 0 0 0 0 0 0 0 0 0 0 29 29 28 48 69 80 111 157 180 252 288 253 138 31 12 
topdown_KCC_26_81.bmp 0 0 0 0 0 0 0 0 0 0 0 5 14 18 16 23 47 54 71 107 156 193 195 116 42 24 9 0 1 
topdown_KCC_32_41.bmp 0 0 0 0 0 0 0 0 0 0 0 48 57 98 94 147 160 202 212 238 185 202 178 123 64 33 6 1 
topdown_KCC_32_71.bmp 0 0 0 0 0 0 0 0 0 0 0 87 88 124 180 201 224 242 305 316 340 296 250 93 39 11 3 
topdown_KCC_58_41.bmp 0 0 0 0 0 0 0 0 0 0 0 9 5 6 5 8 8 10 10 28 21 22 24 23 25 10 10 5 2 1 
topdown_KCC_57a_01.bmp 0 0 0 0 0 0 0 0 0 0 0 32 27 10 10 18 21 28 37 32 44 42 29 21 14 18 6 2 0 1 0 1 
topdown_KCC_66_12.bmp 0 0 0 0 0 0 0 0 0 0 0 22 32 28 54 59 64 117 129 145 151 140 93 54 20 1 
topdown_KCC_66_02.bmp 0 0 0 0 0 0 0 0 0 0 0 43 54 44 28 31 35 50 64 62 94 70 58 45 28 20 10 1 1 
topdown_KCC_76_22.bmp 0 0 0 0 0 0 0 0 0 0 0 1 4 5 8 6 7 10 5 6 10 9 10 8 19 18 7 2 0 2 
topdown_KCC_40_21.bmp 0 0 0 0 0 0 0 0 0 0 0 11 12 17 15 26 24 51 63 69 81 103 85 60 45 21 7 6 2 
topdown_KCC_48_11.bmp 0 0 0 0 0 0 0 0 0 0 0 7 4 12 4 7 11 11 16 6 25 29 22 20 23 15 10 8 1 0 3 
topdown_KCC_40_81.bmp 0 0 0 0 0 0 0 0 1 0 0 8 4 12 4 11 10 16 16 31 38 42 49 48 36 27 13 12 2 2 
topdown_KCC_76_01.bmp 0 0 0 0 0 0 0 0 0 0 0 15 12 12 14 12 16 15 17 23 32 24 29 29 24 18 6 3 1 0 4 0 1 
topdown_KCC_40_02.bmp 0 0 0 0 0 0 0 0 0 0 0 28 11 14 14 22 19 20 30 36 35 43 46 56 38 35 18 8 4 1 1 
topdown_KCC_76_11.bmp 0 0 0 0 0 0 0 0 0 0 0 18 29 25 21 30 56 54 66 73 70 69 61 35 27 19 9 9 5 3 1 
topdown_KCC_40_31.bmp 0 0 0 0 0 0 0 0 0 0 0 8 9 13 11 17 27 22 28 40 50 60 58 50 47 24 16 7 4 2 1 
topdown_KCC_75b_11.bmp 0 0 0 0 0 0 0 0 0 0 0 11 13 20 15 29 23 26 37 38 55 34 41 30 29 11 12 8 4 2 2 
topdown_KCC_57b_01.bmp 0 0 0 0 0 0 0 0 0 0 0 5 6 5 9 6 12 12 20 12 10 9 16 15 15 10 5 7 3 2 3 0 0 1 
topdown_KCC_58_21.bmp 0 0 0 0 0 0 0 0 0 0 0 19 25 22 27 35 33 45 50 60 64 69 57 37 32 23 11 10 4 2 2 1 
topdown_KCC_48_51.bmp 0 0 0 0 0 0 0 0 0 0 0 12 5 9 13 16 30 41 39 46 43 50 62 36 40 25 16 14 5 4 
topdown_KCC_40_11.bmp 0 0 0 0 0 0 0 0 0 0 0 6 6 7 13 9 11 26 36 54 57 63 69 63 42 32 17 12 4 3 
topdown_KCC_48_41.bmp 0 0 0 0 0 0 0 0 0 0 0 17 17 14 18 17 16 22 30 34 47 36 51 49 42 28 19 10 5 3 2 
topdown_KCC_57b_21.bmp 0 0 0 0 0 0 0 0 0 0 0 23 24 27 26 25 35 40 46 58 52 61 66 49 43 41 25 10 4 2 0 1 
topdown_KCC_57a_21.bmp 0 0 0 0 0 0 0 0 0 0 0 23 25 18 19 26 24 36 47 31 51 48 48 36 28 17 15 8 6 0 4 1 
topdown_KCC_40_71.bmp 0 0 0 0 0 0 0 0 0 0 0 17 19 10 16 17 23 32 41 49 68 73 73 72 68 40 20 14 4 1 
topdown_KCC_66_41.bmp 0 0 0 0 0 0 0 0 0 0 0 16 12 14 17 17 20 20 24 31 31 38 38 38 41 34 23 13 3 1 2 
topdown_KCC_66_31.bmp 0 0 0 0 0 0 0 0 0 0 0 7 14 17 16 24 17 31 37 36 43 42 39 44 42 21 28 11 7 2 
topdown_KCC_48_01.bmp 0 0 0 0 0 0 0 0 0 0 0 28 28 14 25 36 46 43 46 72 84 88 96 65 52 30 8 17 8 2 
topdown_KCC_40_61.bmp 0 0 0 0 0 0 0 0 0 0 0 25 23 36 54 55 63 68 73 98 94 100 95 86 62 37 20 11 2 3 
topdown_KCC_75a_21.bmp 0 0 0 0 0 0 0 0 0 0 0 22 21 37 40 53 59 74 83 85 80 92 69 62 52 26 16 11 3 3 2 
topdown_KCC_58_31.bmp 0 0 0 0 0 0 0 0 0 0 0 10 20 23 26 27 31 45 42 48 84 66 60 82 53 30 28 8 7 1 1 
topdown_KCC_75a_01.bmp 0 0 0 0 0 0 0 0 0 0 0 21 12 20 33 29 40 32 48 49 68 51 49 40 37 29 18 11 8 3 1 1 
topdown_KCC_80_21.bmp 0 0 0 0 0 0 0 0 0 0 0 1 7 10 15 12 7 10 19 20 28 21 30 18 15 10 12 7 4 0 1 
topdown_KCC_40_41.bmp 0 0 0 0 0 0 0 0 0 0 0 11 15 16 20 23 35 45 52 80 91 119 112 88 53 45 17 7 5 3 
topdown_KCC_57b_11.bmp 0 0 0 0 0 0 0 0 0 0 0 7 18 13 12 29 27 35 46 50 65 65 57 42 45 35 26 13 5 2 0 1 
topdown_KCC_58_11.bmp 0 0 0 0 0 0 0 0 0 0 0 23 25 39 45 58 64 98 102 114 130 116 113 69 47 42 14 11 3 3 0 1 
topdown_KCC_57a_31.bmp 0 0 0 0 0 0 0 0 0 0 0 25 21 13 18 22 27 28 42 40 39 46 57 38 33 38 26 9 3 4 4 
topdown_KCC_57a_11.bmp 0 0 0 0 0 0 0 0 0 0 0 34 36 39 50 70 83 109 120 199 142 142 104 73 45 27 11 14 1 2 
topdown_KCC_58_01.bmp 0 0 0 0 0 0 0 0 0 0 0 12 26 22 26 37 58 56 74 76 76 98 79 61 49 41 25 14 4 1 1 
topdown_KCC_80_31.bmp 0 0 0 0 0 0 0 0 0 0 0 5 2 7 9 4 11 12 12 17 24 23 17 16 11 12 6 5 1 3 0 1 
topdown_KCC_66_21.bmp 0 0 0 0 0 0 0 0 0 0 0 74 85 78 128 166 208 229 241 241 226 177 129 64 62 23 13 9 3 
topdown_KCC_48_31.bmp 0 0 0 0 0 0 0 0 0 0 0 44 49 58 82 104 127 171 187 230 187 196 205 114 79 21 6 3 1 
topdown_KCC_75b_21.bmp 0 0 0 0 0 0 0 0 0 0 0 20 22 17 20 23 27 9 15 29 28 20 46 24 39 22 17 9 6 4 5 
topdown_KCC_40_51.bmp 0 0 0 0 0 0 0 0 0 0 0 25 28 33 47 69 85 100 110 113 137 140 110 88 63 25 12 8 6 3 
topdown_KCC_75a_32.bmp 0 0 0 0 0 0 0 0 0 0 0 30 32 39 47 50 63 67 71 87 89 81 100 71 62 52 35 11 2 3 
topdown_KCC_66_51.bmp 0 0 0 0 0 0 0 0 0 0 0 40 65 72 64 129 177 220 261 310 296 264 213 103 60 23 11 4 
topdown_KCC_81_11.bmp 0 0 0 0 0 0 0 0 0 0 0 3 3 5 3 6 4 5 4 7 6 8 8 7 5 4 6 7 3 1 2 
topdown_KCC_76_41.bmp 0 0 0 0 0 0 0 0 0 0 0 84 110 114 160 196 197 273 247 204 195 129 84 57 29 12 10 
topdown_KCC_81_21.bmp 0 0 0 0 0 0 0 0 0 0 0 6 5 9 7 16 12 16 20 19 21 30 28 24 18 11 5 10 4 4 2 1 
topdown_KCC_80_41.bmp 0 0 0 0 0 0 0 0 0 0 0 17 22 26 27 42 49 67 62 90 84 98 64 37 30 18 7 5 5 3 2 2 
topdown_KCC_80_11.bmp 0 0 0 0 0 0 0 0 0 0 0 44 44 61 67 94 129 136 203 212 206 178 147 74 44 19 19 4 4 2 
topdown_KCC_94_01.bmp 0 0 0 0 0 0 0 0 0 0 0 39 53 64 69 67 103 114 113 103 104 65 68 40 27 19 13 10 6 1 
topdown_KCC_94_52.bmp 0 0 0 0 0 0 0 0 0 0 0 19 14 26 26 35 33 28 39 37 44 52 50 46 36 21 21 1 3 0 1 0 1 
topdown_KCC_85_11.bmp 0 0 0 0 0 0 0 0 0 0 0 19 19 11 28 23 45 42 53 51 49 46 49 32 38 22 21 12 9 2 2 
topdown_KCC_81_31.bmp 0 0 0 0 0 0 0 0 0 0 0 26 44 54 45 67 98 109 138 159 159 127 126 94 38 22 11 5 3 1 
topdown_KCC_76_31.bmp 0 0 0 0 0 0 0 0 0 0 0 85 122 138 161 207 270 321 328 402 315 279 177 110 38 8 1 3 5 1 
topdown_KCC_92a_11.bmp 0 0 0 0 0 0 0 0 0 0 0 20 16 18 23 19 35 34 36 37 29 28 39 24 24 22 16 8 5 1 3 0 1 
topdown_KCC_101_41.bmp 0 0 0 0 0 0 0 0 0 0 0 50 47 45 69 68 92 131 148 185 190 172 146 68 42 8 
topdown_KCC_95_01.bmp 0 0 0 0 0 0 0 0 0 0 0 17 21 21 26 41 38 40 45 46 43 32 35 32 16 18 13 4 8 1 0 2 
topdown_KCC_85_42.bmp 0 0 0 0 0 0 0 0 0 0 0 31 35 44 40 57 57 74 97 84 99 99 75 73 51 35 24 10 5 
topdown_KCC_92a_21.bmp 0 0 0 0 0 0 0 0 0 0 0 34 28 30 28 30 36 46 42 33 42 36 37 33 40 25 13 13 12 1 2 1 
topdown_KCC_92a_41.bmp 0 0 0 0 0 0 0 0 0 0 0 30 26 26 38 44 48 56 66 77 70 70 64 58 45 40 18 6 6 3 1 1 
topdown_KCC_85_32.bmp 0 0 0 0 0 0 0 0 0 0 0 31 35 46 59 75 76 90 96 87 75 46 39 23 21 22 17 11 3 5 3 0 1 
topdown_KCC_94_11.bmp 0 0 0 0 0 0 0 0 0 0 0 32 25 39 47 39 50 59 57 74 74 55 62 37 37 29 21 21 7 6 
topdown_KCC_95_11.bmp 0 0 0 0 0 0 0 0 0 0 0 38 47 45 57 53 59 81 85 85 88 78 76 65 48 39 24 8 4 3 
topdown_KCC_94_21.bmp 0 0 0 0 0 0 0 0 0 0 0 24 26 37 51 60 56 83 77 87 86 91 75 64 43 48 23 15 4 2 
topdown_KCC_94_32.bmp 0 0 0 0 0 0 0 0 0 0 0 68 69 83 113 111 113 132 156 146 153 139 135 97 68 32 23 6 3 
topdown_KCC_92a_31.bmp 0 0 0 0 0 0 0 0 0 0 0 35 23 45 45 35 58 41 50 64 82 72 57 41 24 27 14 9 11 1 5 0 1 
topdown_KCC_94_41.bmp 0 0 0 0 0 0 0 0 0 0 0 38 54 47 65 72 93 83 128 116 144 118 97 83 73 42 17 14 3 
topdown_KCC_85_01.bmp 0 0 0 0 0 0 0 0 0 0 0 31 22 26 18 37 49 43 52 38 56 51 47 48 34 28 28 17 9 3 2 
topdown_KCC_97b_31.bmp 0 0 0 0 0 0 0 0 0 0 0 37 30 38 33 44 44 48 56 62 53 64 46 51 30 27 24 14 10 5 2 
topdown_KCC_97b_11.bmp 0 0 0 0 0 0 0 0 0 0 0 50 44 42 51 46 39 54 55 97 88 79 82 59 46 41 20 15 8 5 1 
topdown_KCC_100_21.bmp 0 0 0 0 0 0 0 0 0 0 0 48 69 84 99 129 157 189 204 238 201 212 173 102 56 26 12 3 2 
topdown_KCC_100_41.bmp 0 0 0 0 0 0 0 0 0 0 0 80 97 92 123 165 203 233 282 325 291 303 199 127 54 17 4 
topdown_KCC_101_11.bmp 0 0 0 0 0 0 0 0 0 0 0 189 151 160 147 181 189 225 286 311 327 262 245 122 45 12 4 1 
topdown_KCC_101_21.bmp 0 0 0 0 0 0 0 0 0 0 0 102 128 153 168 197 247 320 358 412 439 372 233 118 25 6 
topdown_KCC_85_22.bmp 0 0 0 0 0 0 0 0 0 0 0 361 271 230 226 241 241 269 264 301 257 206 128 96 45 21 5 5 4 2 
topdown_KCC_100_31.bmp 0 0 0 0 0 0 0 0 0 0 0 146 201 210 247 327 407 439 511 504 352 295 169 96 37 12 4 1 
topdown_KCC_101_31.bmp 0 0 0 0 0 0 0 0 0 0 0 320 239 192 168 160 187 210 282 284 290 271 206 119 53 18 0 1 
topdown_KCC_40_41.bmp 0 0 0 0 0 0 0 0 0 0 0 11 15 16 20 23 35 45 52 80 91 119 112 88 53 45 17 7 5 3 
