topdown_KCC_26_51.bmp 86739.1 65530.4 137090
topdown_KCC_32_31.bmp 41181.1 35923.8 162353
topdown_KCC_26_31.bmp 79341.9 63386.1 169592
topdown_KCC_32_61.bmp 57992.4 47798.3 150166
topdown_KCC_32_51.bmp 98846.2 86804.9 413126
topdown_KCC_26_71.bmp 79955.8 60690.2 129415
topdown_KCC_32_21.bmp 85066 71297.7 246546
topdown_KCC_26_41.bmp 61799.1 49811.2 139213
topdown_KCC_26_81.bmp 77351.4 60326.3 144390
topdown_KCC_32_41.bmp 36067.2 32064.3 168975
topdown_KCC_32_71.bmp 32964.6 28766.8 130368
topdown_KCC_58_41.bmp 109738 100008 671191
topdown_KCC_57a_01.bmp 67048.7 67041.2 3.80554e+08
topdown_KCC_66_12.bmp 39222.1 33683.2 136021
topdown_KCC_66_02.bmp 58131.2 56594.2 1.32909e+06
topdown_KCC_76_22.bmp 223158 214018 3.21469e+06
topdown_KCC_40_21.bmp 65239.5 55274.2 204244
topdown_KCC_48_11.bmp 226639 224052 1.23013e+07
topdown_KCC_40_81.bmp 126368 110334 502021
topdown_KCC_76_01.bmp 281533 281493 1.2527e+09
topdown_KCC_40_02.bmp 141929 138314 3.37374e+06
topdown_KCC_76_11.bmp 105470 105232 2.94552e+07
topdown_KCC_40_31.bmp 167440 164185 5.26748e+06
topdown_KCC_75b_11.bmp 302173 301942 2.48467e+08
topdown_KCC_57b_01.bmp 395546 395477 1.43546e+09
topdown_KCC_58_21.bmp 154628 154581 3.23194e+08
topdown_KCC_48_51.bmp 133249 130118 3.44489e+06
topdown_KCC_40_11.bmp 102819 88323.1 357325
topdown_KCC_48_41.bmp 180537 178944 1.27289e+07
topdown_KCC_57b_21.bmp 232272 231443 4.08478e+07
topdown_KCC_57a_21.bmp 179153 179070 2.44915e+08
topdown_KCC_40_71.bmp 118602 106131 593064
topdown_KCC_66_41.bmp 202866 200623 1.13745e+07
topdown_KCC_66_31.bmp 139438 136822 4.55137e+06
topdown_KCC_48_01.bmp 119603 117840 4.99841e+06
topdown_KCC_40_61.bmp 142585 141629 1.3278e+07
topdown_KCC_75a_21.bmp 334259 333862 1.77111e+08
topdown_KCC_58_31.bmp 150551 145683 2.7876e+06
topdown_KCC_75a_01.bmp 159095 158967 1.24261e+08
topdown_KCC_80_21.bmp 148558 146663 7.19883e+06
topdown_KCC_40_41.bmp 83129.6 70736.1 268686
topdown_KCC_57b_11.bmp 308435 308157 2.16112e+08
topdown_KCC_58_11.bmp 87373 87371 2.46797e+09
topdown_KCC_57a_31.bmp 320311 318800 4.25034e+07
topdown_KCC_57a_11.bmp 87686.9 87443.3 1.98348e+07
topdown_KCC_58_01.bmp 150287 148922 1.0292e+07
topdown_KCC_80_31.bmp 156679 156247 3.56961e+07
topdown_KCC_66_21.bmp 64190.5 63974.6 1.19747e+07
topdown_KCC_48_31.bmp 41578.3 36110 157893
topdown_KCC_75b_21.bmp 150162 149810 4.02291e+07
topdown_KCC_40_51.bmp 82457.6 82120.5 1.26436e+07
topdown_KCC_75a_32.bmp 150500 149363 1.24154e+07
topdown_KCC_66_51.bmp 35530.2 29708.5 101288
topdown_KCC_81_11.bmp 249043 246669 1.62371e+07
topdown_KCC_76_41.bmp 15469.9 13294.6 53943.4
topdown_KCC_81_21.bmp 191700 191649 4.54513e+08
topdown_KCC_80_41.bmp 272887 272731 3.0062e+08
topdown_KCC_80_11.bmp 55090.4 53996.5 1.69546e+06
topdown_KCC_94_01.bmp 77740.6 77639.5 3.76277e+07
topdown_KCC_94_52.bmp 91033.3 91025.4 6.61897e+08
topdown_KCC_85_11.bmp 220244 218899 2.2533e+07
topdown_KCC_81_31.bmp 64404.3 62762.9 1.53e+06
topdown_KCC_76_31.bmp 121879 121516 2.57407e+07
topdown_KCC_92a_11.bmp 215481 215448 8.83691e+08
topdown_KCC_101_41.bmp 42074.5 36438.8 156121
topdown_KCC_95_01.bmp 287202 287188 3.49723e+09
topdown_KCC_85_42.bmp 85853.2 84498.4 3.34699e+06
topdown_KCC_92a_21.bmp 174356 174226 1.47343e+08
topdown_KCC_92a_41.bmp 149570 149503 2.11758e+08
topdown_KCC_85_32.bmp 232243 232243 3.31295e+15
topdown_KCC_94_11.bmp 94242.7 93745.2 1.11687e+07
topdown_KCC_95_11.bmp 104796 104677 5.84517e+07
topdown_KCC_94_21.bmp 168095 167406 2.5702e+07
topdown_KCC_94_32.bmp 62161.1 61285.1 2.72085e+06
topdown_KCC_92a_31.bmp 248955 248943 3.18191e+09
topdown_KCC_94_41.bmp 97922.4 96775.3 5.17645e+06
topdown_KCC_85_01.bmp 102061 101706 1.83905e+07
topdown_KCC_97b_31.bmp 128046 127984 1.68786e+08
topdown_KCC_97b_11.bmp 201697 201231 5.48532e+07
topdown_KCC_100_21.bmp 33316.1 29147.9 134705
topdown_KCC_100_41.bmp 34106.5 29600.1 128764
topdown_KCC_101_11.bmp 47610.3 46174.1 948203
topdown_KCC_101_21.bmp 32063.2 27625.1 114094
topdown_KCC_85_22.bmp 24720.8 24718.5 1.65931e+08
topdown_KCC_100_31.bmp 34819.8 34319.2 1.49333e+06
topdown_KCC_101_31.bmp 41713.9 41431.3 3.84388e+06
topdown_KCC_40_41.bmp 83129.6 70736.1 268686
