topdown_KCC_26_51.bmp 850 849 848 848 1742 717 1991 405693 1907 680
topdown_KCC_32_31.bmp 1247 1247 1247 1247 3064 982 4648 618098 3405 1626
topdown_KCC_26_31.bmp 1114 1112 1111 1111 2487 919 2980 540694 2728 1037
topdown_KCC_32_61.bmp 1121 1118 1118 1118 2780 886 4041 644584 3081 1405
topdown_KCC_32_51.bmp 741 741 741 741 1716 553 2372 502632 1959 847
topdown_KCC_26_71.bmp 1238 1233 1231 1231 2652 1036 3257 615452 2879 1138
topdown_KCC_32_21.bmp 795 793 793 793 1943 617 2698 527245 2158 945
topdown_KCC_26_41.bmp 1705 1705 1705 1705 3767 1441 4816 733311 4079 1688
topdown_KCC_26_81.bmp 1091 1088 1088 1088 2511 898 3187 599605 2733 1111
topdown_KCC_32_41.bmp 2048 2047 2045 2045 5089 1744 7706 854814 5466 2664
topdown_KCC_32_71.bmp 2799 2797 2796 2796 7177 2483 11311 1048733 7551 3868
topdown_KCC_58_41.bmp 232 231 231 231 626 155 1093 214190 722 389
topdown_KCC_57a_01.bmp 393 391 391 391 1305 263 1536 246676 1495 561
topdown_KCC_66_12.bmp 1109 1109 1109 1109 3087 916 5630 515886 3321 1944
topdown_KCC_66_02.bmp 738 738 738 738 1957 524 3541 399649 2247 1255
topdown_KCC_76_22.bmp 137 137 137 137 133 21 335 225545 351 157
topdown_KCC_40_21.bmp 698 698 698 698 1833 495 2945 480123 2111 1045
topdown_KCC_48_11.bmp 234 234 234 234 369 56 702 303739 684 294
topdown_KCC_40_81.bmp 382 381 381 381 976 261 1343 347717 1140 487
topdown_KCC_76_01.bmp 307 307 307 307 553 105 1125 357623 903 454
topdown_KCC_40_02.bmp 479 479 479 479 1134 316 1520 382259 1356 550
topdown_KCC_76_11.bmp 680 680 680 680 1787 430 3216 506727 2172 1166
topdown_KCC_40_31.bmp 494 493 493 493 1195 296 1762 438034 1497 645
topdown_KCC_75b_11.bmp 440 440 440 440 1006 235 1832 432279 1363 691
topdown_KCC_57b_01.bmp 183 181 181 181 352 91 520 252121 533 207
topdown_KCC_58_21.bmp 628 628 628 628 1591 409 2853 498151 1922 1033
topdown_KCC_48_51.bmp 506 506 505 505 1304 301 2201 480680 1615 804
topdown_KCC_40_11.bmp 530 530 530 530 1363 361 1992 474116 1590 711
topdown_KCC_48_41.bmp 477 477 477 477 1224 297 1886 451574 1484 690
topdown_KCC_57b_21.bmp 658 658 658 658 1766 491 2938 536708 2000 1036
topdown_KCC_57a_21.bmp 511 510 510 510 1331 286 2161 474743 1708 811
topdown_KCC_40_71.bmp 657 657 657 657 1724 496 2534 544257 1936 899
topdown_KCC_66_41.bmp 433 433 433 433 1097 262 1867 463375 1344 684
topdown_KCC_66_31.bmp 478 477 477 477 1168 298 2009 496856 1458 740
topdown_KCC_48_01.bmp 788 787 787 787 2162 546 3398 607018 2630 1209
topdown_KCC_40_61.bmp 1005 1003 1001 1001 2717 808 4232 636761 2967 1470
topdown_KCC_75a_21.bmp 890 889 888 888 2431 651 4391 644200 2777 1555
topdown_KCC_58_31.bmp 692 692 692 692 1814 475 3133 601020 2126 1122
topdown_KCC_75a_01.bmp 600 599 599 599 1551 383 2698 531768 1886 974
topdown_KCC_80_21.bmp 247 246 246 246 505 67 955 283697 813 382
topdown_KCC_40_41.bmp 837 836 835 835 2314 623 3458 657370 2593 1227
topdown_KCC_57b_11.bmp 593 593 593 593 1572 422 2586 557754 1814 922
topdown_KCC_58_11.bmp 1117 1117 1116 1116 3110 896 5477 745282 3384 1897
topdown_KCC_57a_31.bmp 533 531 531 531 1367 354 2282 534004 1654 828
topdown_KCC_57a_11.bmp 1301 1300 1298 1298 3597 1001 6422 789441 3980 2245
topdown_KCC_58_01.bmp 836 833 833 833 2351 626 3936 671564 2660 1383
topdown_KCC_80_31.bmp 198 198 198 198 368 55 764 236459 603 307
topdown_KCC_66_21.bmp 2156 2156 2155 2155 6093 1800 11166 1006756 6529 3841
topdown_KCC_48_31.bmp 1864 1863 1863 1863 5124 1528 9047 1007432 5538 3129
topdown_KCC_75b_21.bmp 402 402 402 402 940 215 1545 473791 1232 582
topdown_KCC_40_51.bmp 1202 1202 1202 1202 3320 954 5447 753612 3636 1894
topdown_KCC_75a_32.bmp 992 990 988 988 2750 732 4642 758949 3109 1638
topdown_KCC_66_51.bmp 2312 2312 2311 2311 6564 2009 11788 1146024 6930 4030
topdown_KCC_81_11.bmp 97 97 96 96 151 19 312 166848 293 134
topdown_KCC_76_41.bmp 2101 2101 2101 2101 5955 1780 10807 846795 6368 3714
topdown_KCC_81_21.bmp 268 267 267 267 576 124 1064 329757 796 409
topdown_KCC_80_41.bmp 757 755 755 755 2062 551 3621 527429 2349 1283
topdown_KCC_80_11.bmp 1687 1687 1687 1687 4749 1351 8430 947050 5167 2921
topdown_KCC_94_01.bmp 1078 1077 1077 1077 3079 896 5559 563826 3312 1917
topdown_KCC_94_52.bmp 533 532 531 531 1447 371 2476 434733 1691 885
topdown_KCC_85_11.bmp 573 572 572 572 1422 335 2712 514030 1734 990
topdown_KCC_81_31.bmp 1326 1325 1325 1325 3603 1049 6746 797248 3964 2347
topdown_KCC_76_31.bmp 2971 2970 2969 2969 8393 2595 15396 1287415 8874 5270
topdown_KCC_92a_11.bmp 438 437 437 437 990 213 1752 446037 1363 675
topdown_KCC_101_41.bmp 1461 1461 1461 1461 4223 1187 7472 717767 4608 2577
topdown_KCC_95_01.bmp 499 498 498 498 1251 309 2150 413288 1579 789
topdown_KCC_85_42.bmp 990 990 989 989 2691 769 5050 704808 2969 1766
topdown_KCC_92a_21.bmp 562 561 559 559 1462 372 2610 509942 1780 945
topdown_KCC_92a_41.bmp 793 791 791 791 2190 570 3784 634847 2501 1340
topdown_KCC_85_32.bmp 861 860 860 860 2141 557 4108 588311 2542 1489
topdown_KCC_94_11.bmp 771 769 768 768 2133 579 3564 609615 2408 1256
topdown_KCC_95_11.bmp 983 981 981 981 2746 741 4753 679083 3069 1671
topdown_KCC_94_21.bmp 952 951 951 951 2734 751 4611 707158 3044 1619
topdown_KCC_94_32.bmp 1647 1647 1646 1646 4632 1291 8113 915219 5096 2831
topdown_KCC_92a_31.bmp 740 737 735 735 1994 569 3351 585448 2243 1183
topdown_KCC_94_41.bmp 1287 1287 1286 1286 3640 974 6421 844485 4071 2255
topdown_KCC_85_01.bmp 639 635 635 635 1699 458 3001 596798 1942 1072
topdown_KCC_97b_31.bmp 718 716 716 716 1953 521 3315 587127 2224 1172
topdown_KCC_97b_11.bmp 922 922 922 922 2601 720 4572 686839 2875 1599
topdown_KCC_100_21.bmp 2004 2004 2003 2003 5761 1677 10393 1047763 6193 3584
topdown_KCC_100_41.bmp 2595 2594 2594 2594 7463 2207 13660 1236750 7948 4685
topdown_KCC_101_11.bmp 2857 2855 2853 2853 8090 2357 14094 1242219 8732 4860
topdown_KCC_101_21.bmp 3278 3278 3278 3278 9472 2857 17307 1402359 9961 5913
topdown_KCC_85_22.bmp 3173 3172 3168 3168 9176 2607 14774 1179374 10082 5110
topdown_KCC_100_31.bmp 3958 3957 3956 3956 11510 3518 21224 1493814 12025 7229
topdown_KCC_101_31.bmp 3000 2999 2997 2997 9510 2517 13064 1201187 10197 4519
topdown_KCC_40_41.bmp 837 836 835 835 2314 623 3458 657370 2593 1227
