topdown_KCC_26_41.bmp 0 0 0 0 0 0 0 0 0 0 0 0 0 19 27 26 36 57 76 95 139 156 242 253 296 189 75 15 4 
topdown_KCC_26_41.bmp 0 0 0 0 0 0 0 0 0 0 0 0 0 19 27 26 36 57 76 95 139 156 242 253 296 189 75 15 4 
topdown_KCC_26_41.bmp 0 0 0 0 0 0 0 0 0 0 0 0 0 19 27 26 36 57 76 95 139 156 242 253 296 189 75 15 4 
topdown_KCC_26_41.bmp 0 0 0 0 0 0 0 0 0 0 0 29 29 28 48 69 80 111 157 180 252 288 253 138 31 12 
topdown_KCC_26_41.bmp 0 0 0 0 0 0 0 0 0 0 0 29 29 28 48 69 80 111 157 180 252 288 253 138 31 12 
topdown_KCC_26_41.bmp 0 0 0 0 0 0 0 0 0 0 0 29 29 28 48 69 80 111 157 180 252 288 253 138 31 12 
topdown_KCC_26_41.bmp 0 27 165 320 304 271 191 78 44 22 6 2 0 1 1 4 1 2 0 1 0 0 0 0 0 1 
topdown_KCC_26_41.bmp 0 27 165 320 304 271 191 78 44 22 6 2 0 1 1 4 1 2 0 1 0 0 0 0 0 1 
topdown_KCC_26_41.bmp 0 27 165 320 304 271 191 78 44 22 6 2 0 1 1 4 1 2 0 1 0 0 0 0 0 1 
topdown_KCC_26_41.bmp 0.98534
topdown_KCC_26_41.bmp 0.98534
topdown_KCC_26_41.bmp 0.98534
topdown_KCC_26_41.bmp 0.658713 0.11669
topdown_KCC_26_41.bmp 0.658713 0.11669
topdown_KCC_26_41.bmp 0.658713 0.11669
topdown_KCC_26_41.bmp 0.926776 0.0402618
topdown_KCC_26_41.bmp 0.926776 0.0402618
topdown_KCC_26_41.bmp 0.926776 0.0402618
topdown_KCC_26_41.bmp 0.958174 0.034621
topdown_KCC_26_41.bmp 0.958174 0.034621
topdown_KCC_26_41.bmp 0.958174 0.034621
topdown_KCC_26_41.bmp 1.10688 0.398566
topdown_KCC_26_41.bmp 1.10688 0.398566
topdown_KCC_26_41.bmp 1.10688 0.398566
topdown_KCC_26_41.bmp 1.54297 0.517805
topdown_KCC_26_41.bmp 1.54297 0.517805
topdown_KCC_26_41.bmp 1.54297 0.517805
topdown_KCC_26_41.bmp 1.61562 0.588529
topdown_KCC_26_41.bmp 1.61562 0.588529
topdown_KCC_26_41.bmp 1.61562 0.588529
topdown_KCC_26_41.bmp 2.77323 2.79001
topdown_KCC_26_41.bmp 2.77323 2.79001
topdown_KCC_26_41.bmp 2.77323 2.79001
topdown_KCC_26_41.bmp 3.16746 1.54105 2.78908 1.52116 2.36413 1.51685 2.31613 1.51695 2.26641 1.51726 2.21347 1.51808 2.15843 1.51856 2.09958 1.51944 2.03143 1.52153 1.95468 1.52396 1.86789 1.52597 1.75633 1.528 1.48787 1.52757 
topdown_KCC_26_41.bmp 3.16746 1.54105 2.78908 1.52116 2.36413 1.51685 2.31613 1.51695 2.26641 1.51726 2.21347 1.51808 2.15843 1.51856 2.09958 1.51944 2.03143 1.52153 1.95468 1.52396 1.86789 1.52597 1.75633 1.528 1.48787 1.52757 
topdown_KCC_26_41.bmp 3.16746 1.54105 2.78908 1.52116 2.36413 1.51685 2.31613 1.51695 2.26641 1.51726 2.21347 1.51808 2.15843 1.51856 2.09958 1.51944 2.03143 1.52153 1.95468 1.52396 1.86789 1.52597 1.75633 1.528 1.48787 1.52757 
topdown_KCC_26_41.bmp 4.31712e+11 5.64545e+11
topdown_KCC_26_41.bmp 4.31712e+11 5.64545e+11
topdown_KCC_26_41.bmp 4.31712e+11 5.64545e+11
topdown_KCC_26_41.bmp 4.31712e+11 5.64545e+11
topdown_KCC_26_41.bmp 4.31712e+11 5.64545e+11
topdown_KCC_26_41.bmp 4.32149 4.52641
topdown_KCC_26_41.bmp 4.32149 4.52641
topdown_KCC_26_41.bmp 4.32149 4.52641
topdown_KCC_26_41.bmp 4.32149 4.52641
topdown_KCC_26_41.bmp 4.32149 4.52641
topdown_KCC_26_41.bmp 4.32149 4.52641
topdown_KCC_26_41.bmp 4.74573e+11 6.5159e+11
topdown_KCC_26_41.bmp 4.74573e+11 6.5159e+11
topdown_KCC_26_41.bmp 4.74573e+11 6.5159e+11
topdown_KCC_26_41.bmp 5.64248e+11 7.69715e+11 4.97374e+11 7.0827e+11 4.747e+11 6.77643e+11 4.65493e+11 6.5545e+11 4.60325e+11 6.43375e+11 4.58296e+11 6.37714e+11 4.60198e+11 6.41994e+11 4.65574e+11 6.44295e+11 4.71352e+11 6.47886e+11 4.74579e+11 6.51592e+11 
topdown_KCC_26_41.bmp 5.64248e+11 7.69715e+11 4.97374e+11 7.0827e+11 4.747e+11 6.77643e+11 4.65493e+11 6.5545e+11 4.60325e+11 6.43375e+11 4.58296e+11 6.37714e+11 4.60198e+11 6.41994e+11 4.65574e+11 6.44295e+11 4.71352e+11 6.47886e+11 4.74579e+11 6.51592e+11 
topdown_KCC_26_41.bmp 5.64248e+11 7.69715e+11 4.97374e+11 7.0827e+11 4.747e+11 6.77643e+11 4.65493e+11 6.5545e+11 4.60325e+11 6.43375e+11 4.58296e+11 6.37714e+11 4.60198e+11 6.41994e+11 4.65574e+11 6.44295e+11 4.71352e+11 6.47886e+11 4.74579e+11 6.51592e+11 
topdown_KCC_26_41.bmp 6.53334e+11 8.44277e+11 6.24991e+11 8.28583e+11 5.92358e+11 8.00934e+11 5.66439e+11 7.72228e+11 5.42522e+11 7.57946e+11 5.24389e+11 7.40044e+11 5.11056e+11 7.24397e+11 4.98903e+11 7.10378e+11 4.92581e+11 7.05141e+11 4.8371e+11 6.94429e+11 4.78867e+11 6.84724e+11 4.75564e+11 6.7888e+11 4.72538e+11 6.72224e+11 4.70549e+11 6.66901e+11 4.6745e+11 6.60793e+11 4.6558e+11 6.56621e+11 4.63973e+11 6.52121e+11 4.63968e+11 6.51738e+11 4.61143e+11 6.46783e+11 4.59769e+11 6.4375e+11 4.6015e+11 6.42551e+11 4.58875e+11 6.40123e+11 4.59201e+11 6.38147e+11 4.58747e+11 6.39077e+11 4.59015e+11 6.39432e+11 4.58786e+11 6.38414e+11 4.59419e+11 6.42288e+11 4.59126e+11 6.40146e+11 4.61138e+11 6.42197e+11 4.61943e+11 6.41843e+11 4.63e+11 6.41505e+11 4.64508e+11 6.42555e+11 4.66424e+11 6.45518e+11 4.67357e+11 6.45681e+11 4.69123e+11 6.46745e+11 4.70536e+11 6.47458e+11 4.71885e+11 6.48139e+11 4.73373e+11 6.49485e+11 4.74067e+11 6.50207e+11 4.74675e+11 6.50889e+11 
topdown_KCC_26_41.bmp 6.53334e+11 8.44277e+11 6.24991e+11 8.28583e+11 5.92358e+11 8.00934e+11 5.66439e+11 7.72228e+11 5.42522e+11 7.57946e+11 5.24389e+11 7.40044e+11 5.11056e+11 7.24397e+11 4.98903e+11 7.10378e+11 4.92581e+11 7.05141e+11 4.8371e+11 6.94429e+11 4.78867e+11 6.84724e+11 4.75564e+11 6.7888e+11 4.72538e+11 6.72224e+11 4.70549e+11 6.66901e+11 4.6745e+11 6.60793e+11 4.6558e+11 6.56621e+11 4.63973e+11 6.52121e+11 4.63968e+11 6.51738e+11 4.61143e+11 6.46783e+11 4.59769e+11 6.4375e+11 4.6015e+11 6.42551e+11 4.58875e+11 6.40123e+11 4.59201e+11 6.38147e+11 4.58747e+11 6.39077e+11 4.59015e+11 6.39432e+11 4.58786e+11 6.38414e+11 4.59419e+11 6.42288e+11 4.59126e+11 6.40146e+11 4.61138e+11 6.42197e+11 4.61943e+11 6.41843e+11 4.63e+11 6.41505e+11 4.64508e+11 6.42555e+11 4.66424e+11 6.45518e+11 4.67357e+11 6.45681e+11 4.69123e+11 6.46745e+11 4.70536e+11 6.47458e+11 4.71885e+11 6.48139e+11 4.73373e+11 6.49485e+11 4.74067e+11 6.50207e+11 4.74675e+11 6.50889e+11 
topdown_KCC_26_41.bmp 6.53334e+11 8.44277e+11 6.24991e+11 8.28583e+11 5.92358e+11 8.00934e+11 5.66439e+11 7.72228e+11 5.42522e+11 7.57946e+11 5.24389e+11 7.40044e+11 5.11056e+11 7.24397e+11 4.98903e+11 7.10378e+11 4.92581e+11 7.05141e+11 4.8371e+11 6.94429e+11 4.78867e+11 6.84724e+11 4.75564e+11 6.7888e+11 4.72538e+11 6.72224e+11 4.70549e+11 6.66901e+11 4.6745e+11 6.60793e+11 4.6558e+11 6.56621e+11 4.63973e+11 6.52121e+11 4.63968e+11 6.51738e+11 4.61143e+11 6.46783e+11 4.59769e+11 6.4375e+11 4.6015e+11 6.42551e+11 4.58875e+11 6.40123e+11 4.59201e+11 6.38147e+11 4.58747e+11 6.39077e+11 4.59015e+11 6.39432e+11 4.58786e+11 6.38414e+11 4.59419e+11 6.42288e+11 4.59126e+11 6.40146e+11 4.61138e+11 6.42197e+11 4.61943e+11 6.41843e+11 4.63e+11 6.41505e+11 4.64508e+11 6.42555e+11 4.66424e+11 6.45518e+11 4.67357e+11 6.45681e+11 4.69123e+11 6.46745e+11 4.70536e+11 6.47458e+11 4.71885e+11 6.48139e+11 4.73373e+11 6.49485e+11 4.74067e+11 6.50207e+11 4.74675e+11 6.50889e+11 
topdown_KCC_26_41.bmp 79 182 211 203 225 214 200 152 103 71 32 11 8 5 4 4 1 
topdown_KCC_26_41.bmp 79 182 211 203 225 214 200 152 103 71 32 11 8 5 4 4 1 
topdown_KCC_26_41.bmp 79 182 211 203 225 214 200 152 103 71 32 11 8 5 4 4 1 
topdown_KCC_26_41.bmp 116.838 63.9137
topdown_KCC_26_41.bmp 116.838 63.9137
topdown_KCC_26_41.bmp 116.838 63.9137
topdown_KCC_26_41.bmp 119.339 20.6557
topdown_KCC_26_41.bmp 119.339 20.6557
topdown_KCC_26_41.bmp 119.339 20.6557
topdown_KCC_26_41.bmp 119.452 19.3411
topdown_KCC_26_41.bmp 119.452 19.3411
topdown_KCC_26_41.bmp 119.452 19.3411
topdown_KCC_26_41.bmp 140.7 94.5101
topdown_KCC_26_41.bmp 140.7 94.5101
topdown_KCC_26_41.bmp 140.7 94.5101
topdown_KCC_26_41.bmp 140.46 93.9067
topdown_KCC_26_41.bmp 140.46 93.9067
topdown_KCC_26_41.bmp 140.46 93.9067
topdown_KCC_26_41.bmp 216.464 127.696
topdown_KCC_26_41.bmp 216.464 127.696
topdown_KCC_26_41.bmp 216.464 127.696
topdown_KCC_26_41.bmp 258.76 151.25
topdown_KCC_26_41.bmp 258.76 151.25
topdown_KCC_26_41.bmp 258.76 151.25
topdown_KCC_26_41.bmp 259.074 132.355
topdown_KCC_26_41.bmp 259.074 132.355
topdown_KCC_26_41.bmp 259.074 132.355
topdown_KCC_26_41.bmp 274.915 171.701
topdown_KCC_26_41.bmp 274.915 171.701
topdown_KCC_26_41.bmp 274.915 171.701
topdown_KCC_26_41.bmp 293.468 165.687
topdown_KCC_26_41.bmp 293.468 165.687
topdown_KCC_26_41.bmp 293.468 165.687
topdown_KCC_26_41.bmp 311.444 184.771
topdown_KCC_26_41.bmp 311.444 184.771
topdown_KCC_26_41.bmp 311.444 184.771
topdown_KCC_26_41.bmp 561 728 966 997 1030 1066 1105 1148 1199 1259 1331 1430 1705 
topdown_KCC_26_41.bmp 561 728 966 997 1030 1066 1105 1148 1199 1259 1331 1430 1705 
topdown_KCC_26_41.bmp 561 728 966 997 1030 1066 1105 1148 1199 1259 1331 1430 1705 
topdown_KCC_26_41.bmp 1705 1705 1705 1705 3767 1441 4816 733311 4079 1688
topdown_KCC_26_41.bmp 1705 1705 1705 1705 3767 1441 4816 733311 4079 1688
topdown_KCC_26_41.bmp 1705 1705 1705 1705 3767 1441 4816 733311 4079 1688
topdown_KCC_26_41.bmp 3759 643303
topdown_KCC_26_41.bmp 3759 643303
topdown_KCC_26_41.bmp 3759 643303
topdown_KCC_26_41.bmp 55711.9 57198.1
topdown_KCC_26_41.bmp 55711.9 57198.1
topdown_KCC_26_41.bmp 55711.9 57198.1
topdown_KCC_26_41.bmp 61799.1 49811.2 139213
topdown_KCC_26_41.bmp 61799.1 49811.2 139213
topdown_KCC_26_41.bmp 61799.1 49811.2 139213
topdown_KCC_26_41.bmp 183788 64704.5 145597 60070.9 123743 58067.5 108142 57136.9 95784.3 56801.4 85422.5 56807.7 76509.4 56956.5 68686.7 57161.4 61845 57264.4 55874.3 57203.7 
topdown_KCC_26_41.bmp 183788 64704.5 145597 60070.9 123743 58067.5 108142 57136.9 95784.3 56801.4 85422.5 56807.7 76509.4 56956.5 68686.7 57161.4 61845 57264.4 55874.3 57203.7 
topdown_KCC_26_41.bmp 183788 64704.5 145597 60070.9 123743 58067.5 108142 57136.9 95784.3 56801.4 85422.5 56807.7 76509.4 56956.5 68686.7 57161.4 61845 57264.4 55874.3 57203.7 
topdown_KCC_26_41.bmp 259967 73224.2 214248 69390.2 191016 65582.6 174787 63383.9 162565 61757.2 152422 60774.6 143999 59934.7 136742 59261.7 130443 58646.3 124805 58152.8 119672 57774.8 114977 57465.9 110595 57261.6 106581 57044.8 102783 56914.6 99210.6 56818.6 95784.3 56801.4 92540.6 56798.6 89470.9 56797.4 86553.7 56801.3 83752.5 56830.9 81079.6 56859.4 78515 56896.3 76015.9 56973.7 73612.4 57051.2 71314.7 57110.9 69116.7 57153.1 66997.7 57193.3 64955.1 57228.5 62990.2 57253 61098.5 57267.2 59285.7 57261.9 57543.1 57242.8 55874.3 57203.7 
topdown_KCC_26_41.bmp 259967 73224.2 214248 69390.2 191016 65582.6 174787 63383.9 162565 61757.2 152422 60774.6 143999 59934.7 136742 59261.7 130443 58646.3 124805 58152.8 119672 57774.8 114977 57465.9 110595 57261.6 106581 57044.8 102783 56914.6 99210.6 56818.6 95784.3 56801.4 92540.6 56798.6 89470.9 56797.4 86553.7 56801.3 83752.5 56830.9 81079.6 56859.4 78515 56896.3 76015.9 56973.7 73612.4 57051.2 71314.7 57110.9 69116.7 57153.1 66997.7 57193.3 64955.1 57228.5 62990.2 57253 61098.5 57267.2 59285.7 57261.9 57543.1 57242.8 55874.3 57203.7 
topdown_KCC_26_41.bmp 259967 73224.2 214248 69390.2 191016 65582.6 174787 63383.9 162565 61757.2 152422 60774.6 143999 59934.7 136742 59261.7 130443 58646.3 124805 58152.8 119672 57774.8 114977 57465.9 110595 57261.6 106581 57044.8 102783 56914.6 99210.6 56818.6 95784.3 56801.4 92540.6 56798.6 89470.9 56797.4 86553.7 56801.3 83752.5 56830.9 81079.6 56859.4 78515 56896.3 76015.9 56973.7 73612.4 57051.2 71314.7 57110.9 69116.7 57153.1 66997.7 57193.3 64955.1 57228.5 62990.2 57253 61098.5 57267.2 59285.7 57261.9 57543.1 57242.8 55874.3 57203.7 
topdown_KCC_26_41.bmp 285366 43804.7 205901 6387.74 188348 4249.48 169982 2777.53 161481 2280.08 153902 1910.82 148537 1685.17 139212 1352.33 132129 1142.18 126936 1007.93 
topdown_KCC_26_41.bmp 285366 43804.7 205901 6387.74 188348 4249.48 169982 2777.53 161481 2280.08 153902 1910.82 148537 1685.17 139212 1352.33 132129 1142.18 126936 1007.93 
topdown_KCC_26_41.bmp 285366 43804.7 205901 6387.74 188348 4249.48 169982 2777.53 161481 2280.08 153902 1910.82 148537 1685.17 139212 1352.33 132129 1142.18 126936 1007.93 
topdown_KCC_26_41.bmp -0.86634 50.8042
topdown_KCC_26_41.bmp -0.86634 50.8042
topdown_KCC_26_41.bmp -0.86634 50.8042
topdown_KCC_26_41.bmp -0.880487 48.9254
topdown_KCC_26_41.bmp -0.880487 48.9254
topdown_KCC_26_41.bmp -0.880487 48.9254
topdown_KCC_26_41.bmp 0 27 165 320 304 271 191 78 44 22 6 2 0 1 1 4 1 2 0 1 0 0 0 0 0 1 
topdown_KCC_32_41.bmp 0.785664 48.5982
topdown_KCC_32_41.bmp 0.957087
topdown_KCC_32_41.bmp 119.796 18.3029
topdown_KCC_32_41.bmp 119.737 19.631
topdown_KCC_32_41.bmp 5.47287e+11 7.31479e+11 5.27612e+11 7.11644e+11 5.33301e+11 7.09916e+11 5.43931e+11 7.2073e+11 5.55319e+11 7.29012e+11 5.65675e+11 7.34934e+11 5.7673e+11 7.46443e+11 5.83417e+11 7.49296e+11 5.88187e+11 7.50336e+11 5.89213e+11 7.52188e+11 
topdown_KCC_32_41.bmp 6.17188e+11 7.947e+11 5.80946e+11 7.63405e+11 5.69569e+11 7.54137e+11 5.54494e+11 7.36853e+11 5.50115e+11 7.32592e+11 5.42813e+11 7.27149e+11 5.39104e+11 7.24222e+11 5.39059e+11 7.23221e+11 5.3587e+11 7.19068e+11 5.29849e+11 7.11527e+11 5.27397e+11 7.10682e+11 5.29146e+11 7.11284e+11 5.32174e+11 7.15465e+11 5.31683e+11 7.12093e+11 5.31684e+11 7.09944e+11 5.31931e+11 7.09981e+11 5.33959e+11 7.09558e+11 5.37455e+11 7.11274e+11 5.39677e+11 7.20377e+11 5.39728e+11 7.17808e+11 5.43323e+11 7.22029e+11 5.44191e+11 7.2109e+11 5.45803e+11 7.205e+11 5.47857e+11 7.22683e+11 5.50403e+11 7.27962e+11 5.51685e+11 7.28155e+11 5.54482e+11 7.29171e+11 5.56696e+11 7.29406e+11 5.59191e+11 7.30299e+11 5.60834e+11 7.30983e+11 5.62813e+11 7.33761e+11 5.63488e+11 7.3314e+11 5.66143e+11 7.35677e+11 5.67977e+11 7.36267e+11 5.70995e+11 7.4031e+11 5.72862e+11 7.41721e+11 5.74968e+11 7.44817e+11 5.75713e+11 7.45047e+11 5.78553e+11 7.47652e+11 5.79389e+11 7.47421e+11 5.80769e+11 7.48188e+11 5.82171e+11 7.48632e+11 5.82822e+11 7.49189e+11 5.83625e+11 7.49229e+11 5.84968e+11 7.49834e+11 5.86127e+11 7.50077e+11 5.86755e+11 7.49904e+11 5.87462e+11 7.49909e+11 5.8809e+11 7.50392e+11 5.88456e+11 7.50319e+11 5.88941e+11 7.5055e+11 5.89323e+11 7.50819e+11 5.89444e+11 7.5095e+11 5.89164e+11 7.50815e+11 
topdown_KCC_32_41.bmp 5.89204e+11 7.52187e+11
topdown_KCC_32_41.bmp 5.61e+11 6.94116e+11
topdown_KCC_32_41.bmp 182.664 143.102
topdown_KCC_32_41.bmp 1.62045 0.494433
topdown_KCC_32_41.bmp 280.873 221.05
topdown_KCC_32_41.bmp 1.59611 42.2101
topdown_KCC_32_41.bmp 264.139 201.029
topdown_KCC_32_41.bmp 1.69449 0.557658
topdown_KCC_32_41.bmp 101.294 75.3642
topdown_KCC_32_41.bmp 1.25814 0.448998
topdown_KCC_32_41.bmp 215.865 177.277
topdown_KCC_32_41.bmp 0 24 117 293 374 350 238 151 86 49 28 14 6 6 3 1 3 1 
topdown_KCC_32_41.bmp 0.949554 0.0329027
topdown_KCC_32_41.bmp 0.927152 0.0406981
topdown_KCC_32_41.bmp 0 0 0 0 0 0 0 0 0 0 0 48 57 98 94 147 160 202 212 238 185 202 178 123 64 33 6 1 
topdown_KCC_32_41.bmp 107 346 309 262 244 148 127 119 95 80 55 39 27 26 17 15 15 6 4 0 3 2 1 0 0 0 1 
topdown_KCC_32_41.bmp 0.648014 0.121296
topdown_KCC_32_41.bmp 50068.9 76733.2
topdown_KCC_32_41.bmp 0 0 0 0 0 0 0 0 0 0 0 0 0 24 49 73 101 113 173 168 219 203 215 204 198 158 84 53 11 2 
topdown_KCC_32_41.bmp 36067.2 32064.3 168975
topdown_KCC_32_41.bmp 235159 107462 168989 101374 133536 96885.2 109915 93384 92999.4 90122.1 80210.8 87099.9 70250.2 84248.7 62244.9 81603.1 55704.7 79127.8 50263.3 76820.6 
topdown_KCC_32_41.bmp 364402 183560 314817 71072.3 264582 27132.8 231500 14215.8 208026 8880.23 182485 5231.02 167790 3815.09 152472 2714.36 145155 2295.64 134946 1805.64 
topdown_KCC_32_41.bmp 382460 113139 311680 107977 267467 108364 237181 107567 214958 105989 197534 104322 183067 102881 170783 101579 160145 100387 150891 99198.7 142641 98114.3 135206 97119.4 128460 96191.6 122323 95296.5 116724 94417.9 111501 93630.6 106690 92850.1 102292 92037.2 98223.5 91230.1 94437.3 90437.9 90906.7 89659.1 87584.9 88909.9 84470.2 88173.7 81548.1 87446.9 78805.1 86726.9 76226.5 86014 73790.2 85314.9 71487.1 84627.5 69304.9 83953.1 67229.7 83294.6 65260.3 82646.7 63392.7 82006.6 61615.6 81377.4 59924.9 80757.6 58313.2 80148.1 56772 79551 55298.5 78964.8 53889.8 78388.2 52544.2 77819.8 51255.5 77260.9 
topdown_KCC_32_41.bmp 253.056 200.56
topdown_KCC_32_41.bmp 122.842 103.2
topdown_KCC_32_41.bmp 122.789 103.19
topdown_KCC_32_41.bmp 223.667 156.628
topdown_KCC_32_41.bmp 4.32149 4.52641
topdown_KCC_32_41.bmp 4.32149 4.52641
topdown_KCC_32_41.bmp 446 619 909 951 996 1046 1103 1169 1245 1335 1450 1618 2048 
topdown_KCC_32_41.bmp 2048 2047 2045 2045 5089 1744 7706 854814 5466 2664
topdown_KCC_32_41.bmp 5085 759456
topdown_KCC_32_41.bmp 4.29825 2.68346 3.54059 2.58398 2.71177 2.45405 2.62111 2.43602 2.52991 2.41698 2.43514 2.39612 2.33395 2.37329 2.22567 2.34742 2.11174 2.31808 1.98981 2.28404 1.8509 2.2421 1.67563 2.18404 1.33717 2.04928 
topdown_KCC_32_41.bmp 2.23381 2.68825
