topdown_KCC_26_31.bmp 0 22 113 229 197 151 110 40 30 8 7 2 2 4 2 1 0 0 0 0 0 1 
topdown_KCC_26_41.bmp 0 27 165 320 304 271 191 78 44 22 6 2 0 1 1 4 1 2 0 1 0 0 0 0 0 1 
topdown_KCC_26_51.bmp 0 18 87 181 185 133 57 31 13 4 0 0 0 1 1 0 3 0 0 1 0 0 1 0 0 1 
topdown_KCC_26_71.bmp 0 21 130 222 271 207 89 46 21 10 6 2 2 1 0 2 0 2 1 0 1 0 0 0 0 1 0 0 0 0 0 0 0 0 1 
topdown_KCC_26_81.bmp 0 14 103 211 195 149 103 49 24 14 14 7 3 0 4 0 2 2 1 2 0 0 0 0 1 
topdown_KCC_32_21.bmp 0 14 78 140 130 82 60 38 17 15 14 10 4 7 1 1 2 0 1 0 0 0 1 0 0 1 
topdown_KCC_32_31.bmp 0 13 92 164 221 162 138 71 53 33 17 9 3 5 0 0 0 0 1 
topdown_KCC_32_41.bmp 0 24 117 293 374 350 238 151 86 49 28 14 6 6 3 1 3 1 
topdown_KCC_32_51.bmp 0 12 62 116 123 77 72 34 20 15 10 4 3 2 0 3 
topdown_KCC_32_61.bmp 0 15 74 162 186 147 109 83 51 19 14 13 6 3 1 0 1 1 0 0 0 0 1 
topdown_KCC_32_71.bmp 0 22 159 421 548 460 317 226 121 83 52 33 16 7 5 3 2 4 3 1 
topdown_KCC_40_02.bmp 0 24 56 62 60 39 22 13 15 8 4 1 3 0 2 3 1 1 0 1 0 0 0 0 0 1 
topdown_KCC_40_11.bmp 0 10 51 69 78 58 30 23 12 5 8 3 3 1 3 1 1 1 0 1 1 0 1 1 
topdown_KCC_40_21.bmp 0 8 44 76 112 81 51 49 24 21 7 10 3 1 1 1 2 1 0 1 0 0 1 0 0 0 0 1 
topdown_KCC_40_31.bmp 0 8 61 57 54 32 28 24 7 7 6 5 2 0 1 1 0 3 
topdown_KCC_40_41.bmp 0 15 63 111 135 108 67 36 27 15 13 9 5 6 3 0 4 0 0 1 0 0 1 3 0 0 0 0 0 1 
topdown_KCC_40_41.bmp 0 15 63 111 135 108 67 36 27 15 13 9 5 6 3 0 4 0 0 1 0 0 1 3 0 0 0 0 0 1 
topdown_KCC_40_51.bmp 0 15 82 149 183 187 127 74 47 27 18 10 9 9 5 3 5 2 1 0 0 0 0 0 0 0 0 0 0 0 0 1 
topdown_KCC_40_61.bmp 0 18 71 129 172 134 95 62 32 41 11 9 11 8 5 5 1 2 1 0 0 1 
topdown_KCC_40_71.bmp 0 15 52 92 100 79 64 33 23 11 5 4 4 3 3 1 2 1 3 1 
topdown_KCC_40_81.bmp 0 17 33 40 46 39 37 14 11 6 6 5 2 3 1 
topdown_KCC_48_01.bmp 0 19 70 85 109 76 70 42 26 14 8 9 5 3 3 0 0 2 1 1 1 0 1 0 0 0 1 
topdown_KCC_48_11.bmp 0 16 13 14 5 5 2 0 1 
topdown_KCC_48_31.bmp 0 25 94 224 331 261 190 129 98 56 36 29 15 17 8 2 5 3 1 2 1 0 0 0 1 
topdown_KCC_48_41.bmp 0 13 50 60 50 47 25 24 5 8 6 4 1 2 0 1 1 
topdown_KCC_48_51.bmp 0 12 41 67 49 44 37 15 14 1 5 5 0 5 1 2 0 1 0 1 1 
topdown_KCC_57a_01.bmp 0 8 28 45 57 35 31 13 25 6 3 6 2 1 0 2 1 
topdown_KCC_57a_11.bmp 0 27 57 127 207 197 127 93 53 51 18 18 8 9 4 1 1 1 0 0 0 0 1 0 0 0 0 1 
topdown_KCC_57a_21.bmp 0 36 55 55 53 36 16 10 11 4 2 2 3 2 0 0 0 0 0 0 0 0 0 0 0 0 0 0 0 0 0 0 0 0 0 0 1 
topdown_KCC_57a_31.bmp 0 30 58 71 74 40 25 9 11 14 7 5 1 0 3 2 0 2 0 0 1 0 1 
topdown_KCC_57b_01.bmp 0 49 11 8 10 8 1 0 0 2 1 0 1 
topdown_KCC_57b_11.bmp 0 43 51 71 81 49 41 25 19 11 8 7 2 4 2 6 0 0 0 0 0 0 1 0 0 0 0 0 0 1 
topdown_KCC_57b_21.bmp 0 26 61 78 104 66 53 34 20 14 12 5 3 4 2 4 0 2 0 2 0 0 0 1 
topdown_KCC_58_01.bmp 0 24 81 117 112 103 63 43 29 11 8 10 9 2 3 2 0 2 1 1 4 0 0 0 0 0 0 0 0 0 0 0 0 0 0 0 0 1 
topdown_KCC_58_11.bmp 0 25 80 149 160 143 104 81 46 30 25 9 13 7 8 2 9 1 2 0 0 1 0 1 
topdown_KCC_58_21.bmp 0 21 52 72 80 57 40 27 24 16 8 3 2 2 1 3 0 0 0 1 
topdown_KCC_58_31.bmp 0 25 45 89 89 73 42 25 27 19 18 7 8 3 1 2 0 1 0 0 0 0 0 0 0 0 0 0 1 
topdown_KCC_58_41.bmp 0 8 17 28 25 22 20 11 9 5 3 1 3 1 1 0 0 1 
topdown_KCC_66_02.bmp 0 8 37 97 94 95 66 42 26 20 12 6 3 4 2 2 7 0 1 0 1 0 0 0 0 0 0 0 1 
topdown_KCC_66_12.bmp 0 5 34 112 191 176 116 104 71 35 25 22 10 7 2 2 2 1 1 
topdown_KCC_66_21.bmp 0 13 87 252 385 315 254 179 111 72 29 31 20 11 11 7 7 4 4 1 1 3 1 0 1 0 1 
topdown_KCC_66_31.bmp 0 29 48 62 44 33 26 16 8 13 6 2 2 2 2 2 0 0 0 1 0 1 1 
topdown_KCC_66_41.bmp 0 20 42 47 54 28 20 15 10 6 5 3 5 2 1 0 1 0 1 0 0 0 0 0 1 0 0 0 1 
topdown_KCC_66_51.bmp 0 13 87 265 423 401 254 188 133 90 49 32 25 18 10 5 2 3 3 2 3 1 1 1 
topdown_KCC_75a_01.bmp 0 22 41 79 76 55 32 17 21 15 2 4 5 4 1 2 1 2 0 0 1 0 0 0 0 1 0 0 2 
topdown_KCC_75a_21.bmp 0 18 65 128 120 103 65 44 33 22 15 11 7 8 3 3 1 0 0 0 1 1 1 0 0 0 0 0 1 1 
topdown_KCC_75a_32.bmp 0 25 89 136 131 104 78 40 41 26 18 13 8 6 4 5 2 1 0 1 0 0 0 1 1 0 1 1 
topdown_KCC_75b_11.bmp 0 31 41 47 32 30 22 9 7 1 0 9 2 1 1 0 1 0 0 0 0 0 0 1 
topdown_KCC_75b_21.bmp 0 49 48 41 28 14 16 6 4 3 2 2 0 1 0 1 
topdown_KCC_76_01.bmp 0 27 20 28 15 8 2 2 1 1 1 
topdown_KCC_76_11.bmp 0 18 60 81 97 59 36 22 18 12 9 4 5 2 2 2 0 0 1 0 1 0 0 0 0 0 0 0 1 
topdown_KCC_76_22.bmp 0 18 1 2 
topdown_KCC_76_31.bmp 0 23 127 370 550 450 339 209 166 132 80 52 36 21 13 10 4 4 1 1 2 1 2 0 0 1 0 0 0 0 0 1 
topdown_KCC_76_41.bmp 0 23 116 272 430 310 208 125 90 57 31 28 18 16 11 6 4 6 1 4 6 1 1 3 3 2 0 1 3 1 1 0 1 1 
topdown_KCC_80_11.bmp 0 32 98 234 277 221 164 97 70 39 33 20 16 13 4 6 5 8 2 2 1 2 1 2 1 0 1 1 0 0 1 
topdown_KCC_80_21.bmp 0 5 19 20 12 4 3 1 0 1 0 1 0 1 
topdown_KCC_80_31.bmp 0 9 11 10 11 4 5 3 1 0 0 1 
topdown_KCC_80_41.bmp 0 14 55 102 111 83 64 39 26 12 15 8 6 7 3 1 1 1 1 0 0 1 0 0 0 0 0 1 
topdown_KCC_81_11.bmp 0 7 9 2 0 0 1 
topdown_KCC_81_21.bmp 0 17 26 27 21 13 6 3 3 3 2 0 0 1 0 0 0 2 
topdown_KCC_81_31.bmp 0 19 89 172 208 165 137 91 41 34 31 17 10 12 8 5 3 3 0 1 1 0 1 0 0 1 
topdown_KCC_85_01.bmp 0 38 88 93 70 61 29 26 10 6 5 8 8 4 6 0 0 1 1 2 0 1 0 0 0 0 1 
topdown_KCC_85_11.bmp 0 16 66 60 52 54 23 17 12 7 9 3 8 3 2 1 0 0 0 0 1 
topdown_KCC_85_22.bmp 0 42 260 525 535 334 289 162 135 90 50 52 31 21 17 17 9 8 7 6 7 0 2 0 4 0 1 1 0 0 0 0 0 0 0 0 0 0 1 0 0 0 1 
topdown_KCC_85_32.bmp 0 57 60 92 107 77 57 35 24 16 8 8 3 4 2 3 2 1 0 1 
topdown_KCC_85_42.bmp 0 31 90 126 151 123 70 55 34 19 17 14 8 8 5 7 3 1 1 2 0 1 1 0 1 1 
topdown_KCC_92a_11.bmp 0 38 37 52 31 16 12 11 6 4 1 1 2 1 1 
topdown_KCC_92a_21.bmp 0 27 63 87 69 36 20 19 12 12 8 2 7 3 0 0 1 1 1 2 1 0 0 0 0 0 0 1 
topdown_KCC_92a_31.bmp 0 54 96 104 97 82 38 31 18 9 9 7 7 4 4 3 2 0 1 1 0 1 0 0 0 0 0 0 0 0 0 0 0 0 0 0 0 0 0 0 0 0 0 0 0 0 0 0 0 0 0 0 0 0 0 0 0 0 0 0 0 0 0 1 
topdown_KCC_92a_41.bmp 0 32 73 129 104 86 42 25 22 10 11 6 7 6 6 1 2 2 3 1 2 
topdown_KCC_94_01.bmp 0 15 64 149 175 165 112 66 42 30 31 15 7 6 4 5 2 2 1 2 1 0 0 0 0 0 1 0 0 0 0 0 1 
topdown_KCC_94_11.bmp 0 36 87 110 103 77 55 38 21 7 13 8 6 0 3 5 0 2 2 1 0 1 0 0 1 1 1 0 0 1 
topdown_KCC_94_21.bmp 0 40 97 147 149 96 63 39 30 25 13 14 10 7 4 2 3 3 1 2 0 1 1 2 1 0 0 0 1 
topdown_KCC_94_32.bmp 0 26 128 256 227 193 134 112 60 38 37 19 15 12 10 5 3 4 3 3 3 1 0 0 0 0 1 1 
topdown_KCC_94_41.bmp 0 23 101 182 172 131 116 71 44 43 28 20 14 9 3 3 5 1 3 0 2 2 0 0 1 
topdown_KCC_94_52.bmp 0 19 54 79 58 52 24 26 14 15 5 11 3 1 3 1 0 2 2 1 0 0 0 0 1 
topdown_KCC_95_01.bmp 0 49 36 60 55 39 17 9 13 9 7 6 1 0 4 0 0 1 1 1 0 1 
topdown_KCC_95_11.bmp 0 34 112 154 142 73 59 36 35 30 22 10 8 6 5 4 2 2 0 1 2 1 1 0 0 0 0 0 0 0 1 0 0 0 0 1 
topdown_KCC_97b_11.bmp 0 33 92 152 126 96 72 39 36 13 12 13 10 6 5 3 3 1 2 3 0 0 0 1 1 0 0 0 0 0 1 
topdown_KCC_97b_31.bmp 0 45 73 102 95 59 41 34 29 6 9 7 0 6 1 2 6 1 0 0 0 1 0 0 0 0 1 0 2 0 0 1 
topdown_KCC_100_21.bmp 0 24 112 263 340 275 195 132 108 76 50 37 18 15 12 4 2 3 3 2 2 1 1 1 1 
topdown_KCC_100_31.bmp 0 16 159 457 692 679 510 341 235 137 110 48 37 38 21 8 8 8 1 4 3 2 0 1 0 0 1 1 0 0 0 0 0 0 0 0 0 1 
topdown_KCC_100_41.bmp 0 24 105 316 442 390 286 225 142 89 65 30 33 21 12 5 7 4 3 1 5 0 0 0 2 
topdown_KCC_101_11.bmp 0 27 169 366 473 369 308 204 148 98 76 35 33 19 9 12 3 2 0 3 0 0 2 0 1 
topdown_KCC_101_21.bmp 0 16 109 404 565 511 373 302 202 135 83 55 35 30 14 9 5 2 2 0 1 2 1 1 
topdown_KCC_101_31.bmp 0 97 301 451 449 344 260 179 124 98 56 45 32 27 12 8 6 9 1 4 7 1 2 0 1 0 0 0 0 0 1 1 
topdown_KCC_101_41.bmp 0 7 57 177 231 212 154 105 87 53 37 21 19 9 6 5 4 1 0 1 0 0 0 0 1 
