topdown_KCC_26_31.bmp 0 0 0 0 0 0 0 0 0 0 0 0 0 7 14 24 28 34 40 36 68 76 140 156 206 180 68 23 13 1 
topdown_KCC_26_41.bmp 0 0 0 0 0 0 0 0 0 0 0 0 0 19 27 26 36 57 76 95 139 156 242 253 296 189 75 15 4 
topdown_KCC_26_51.bmp 0 0 0 0 0 0 0 0 0 0 0 0 0 4 5 11 11 22 16 26 46 74 109 112 161 166 69 13 4 1 
topdown_KCC_26_71.bmp 0 0 0 0 0 0 0 0 0 0 0 0 0 5 13 16 18 19 41 43 66 105 145 205 243 199 88 25 6 1 
topdown_KCC_26_81.bmp 0 0 0 0 0 0 0 0 0 0 0 0 0 2 11 19 11 24 34 51 59 85 127 180 200 153 81 34 17 2 1 
topdown_KCC_32_21.bmp 0 0 0 0 0 0 0 0 0 0 0 1 0 1 14 14 17 12 34 42 51 64 71 98 117 105 79 36 26 6 6 0 1 
topdown_KCC_32_31.bmp 0 0 0 0 0 0 0 0 0 0 0 0 0 16 18 47 51 68 85 98 96 126 157 154 127 80 71 33 15 4 1 
topdown_KCC_32_41.bmp 0 0 0 0 0 0 0 0 0 0 0 0 0 24 49 73 101 113 173 168 219 203 215 204 198 158 84 53 11 2 
topdown_KCC_32_51.bmp 0 0 0 0 0 0 0 0 0 0 0 0 0 6 14 15 16 26 32 31 45 54 74 87 91 94 70 58 16 9 3 
topdown_KCC_32_61.bmp 0 0 0 0 0 0 0 0 0 0 0 0 0 4 15 20 21 38 48 62 88 105 147 161 150 122 63 42 26 8 0 0 1 
topdown_KCC_32_71.bmp 0 0 0 0 0 0 0 0 0 0 0 0 0 38 84 112 152 197 199 244 263 316 327 359 250 175 56 21 6 
topdown_KCC_40_02.bmp 0 0 0 0 0 0 0 0 0 0 0 0 0 11 21 12 15 21 16 20 25 31 42 38 43 48 41 47 24 14 7 1 2 
topdown_KCC_40_11.bmp 0 0 0 0 0 0 0 0 0 0 0 0 0 5 1 7 14 10 9 21 29 46 55 55 73 66 51 37 22 21 3 4 1 
topdown_KCC_40_21.bmp 0 0 0 0 0 0 0 0 0 0 0 0 0 7 13 12 13 22 21 39 58 71 74 96 100 61 49 44 8 7 2 1 
topdown_KCC_40_31.bmp 0 0 0 0 0 0 0 0 0 0 0 0 0 3 13 6 9 19 19 28 29 29 48 47 63 56 50 37 17 10 7 2 1 1 
topdown_KCC_40_41.bmp 0 0 0 0 0 0 0 0 0 0 0 0 0 5 12 16 19 20 27 45 41 80 75 112 111 110 65 46 30 10 10 2 1 
topdown_KCC_40_41.bmp 0 0 0 0 0 0 0 0 0 0 0 0 0 5 12 16 19 20 27 45 41 80 75 112 111 110 65 46 30 10 10 2 1 
topdown_KCC_40_51.bmp 0 0 0 0 0 0 0 0 0 0 0 0 0 16 19 34 37 61 76 94 105 114 126 134 128 97 83 37 21 7 7 4 2 
topdown_KCC_40_61.bmp 0 0 0 0 0 0 0 0 0 0 0 0 0 8 32 23 46 53 61 58 78 90 95 89 100 102 68 46 30 17 6 1 2 
topdown_KCC_40_71.bmp 0 0 0 0 0 0 0 0 0 0 0 0 0 8 16 17 11 17 17 35 28 45 60 78 66 76 70 58 22 22 7 4 
topdown_KCC_40_81.bmp 0 0 0 0 0 0 0 0 0 0 0 1 0 2 8 6 10 6 14 8 19 23 33 42 48 50 41 31 17 15 6 1 1 
topdown_KCC_48_01.bmp 0 0 0 0 0 0 0 0 0 0 0 0 0 15 26 23 20 29 38 52 43 58 77 77 98 86 57 41 17 14 12 4 1 
topdown_KCC_48_11.bmp 0 0 0 0 0 0 0 0 0 0 0 0 0 5 4 10 6 6 10 10 15 10 13 26 29 20 25 16 13 10 2 1 2 1 
topdown_KCC_48_31.bmp 0 0 0 0 0 0 0 0 0 0 0 0 0 26 45 51 69 91 107 163 188 207 196 197 212 157 86 53 9 4 3 
topdown_KCC_48_41.bmp 0 0 0 0 0 0 0 0 0 0 0 0 0 12 10 16 19 19 13 21 31 26 39 42 44 54 42 35 25 17 5 4 1 2 
topdown_KCC_48_51.bmp 0 0 0 0 0 0 0 0 0 0 0 0 0 6 8 9 9 11 26 36 41 44 42 55 47 56 34 34 19 9 15 3 2 
topdown_KCC_57a_01.bmp 0 0 0 0 0 0 0 0 0 0 0 0 0 16 34 14 8 12 24 17 44 30 32 49 39 23 17 16 9 6 1 1 0 1 
topdown_KCC_57a_11.bmp 0 0 0 0 0 0 0 0 0 0 0 0 0 19 29 43 45 49 92 91 117 158 170 148 119 93 55 29 25 8 8 2 1 
topdown_KCC_57a_21.bmp 0 0 0 0 0 0 0 0 0 0 0 0 0 8 30 17 20 20 27 25 53 37 38 51 44 46 34 19 14 16 3 4 3 2 
topdown_KCC_57a_31.bmp 0 0 0 0 0 0 0 0 0 0 0 0 0 15 21 19 11 21 26 26 38 38 43 31 66 47 33 37 27 19 6 3 5 1 
topdown_KCC_57b_01.bmp 0 0 0 0 0 0 0 0 0 0 0 0 0 4 4 5 10 2 10 12 16 19 11 9 12 17 11 17 5 7 4 4 2 1 0 1 
topdown_KCC_57b_11.bmp 0 0 0 0 0 0 0 0 0 0 0 0 0 3 13 14 14 18 34 29 42 46 55 65 65 46 43 46 31 14 11 2 1 0 1 
topdown_KCC_57b_21.bmp 0 0 0 0 0 0 0 0 0 0 0 0 0 16 18 30 24 23 27 37 44 52 51 63 63 59 48 42 34 17 7 1 1 1 
topdown_KCC_58_01.bmp 0 0 0 0 0 0 0 0 0 0 0 0 0 6 21 24 22 32 45 54 67 79 76 89 86 71 58 41 34 19 8 3 1 
topdown_KCC_58_11.bmp 0 0 0 0 0 0 0 0 0 0 0 0 0 13 24 32 36 61 43 99 88 120 129 98 136 81 69 43 23 12 4 4 1 0 1 
topdown_KCC_58_21.bmp 0 0 0 0 0 0 0 0 0 0 0 0 0 10 19 25 23 33 33 38 51 57 69 57 68 44 31 30 17 9 7 2 4 1 
topdown_KCC_58_31.bmp 0 0 0 0 0 0 0 0 0 0 0 0 0 6 13 20 27 26 31 40 44 39 73 73 54 76 69 41 35 15 4 4 2 
topdown_KCC_58_41.bmp 0 0 0 0 0 0 0 0 0 0 0 0 0 7 4 7 5 5 9 9 8 26 25 13 26 26 26 15 8 8 4 1 
topdown_KCC_66_02.bmp 0 0 0 0 0 0 0 0 0 0 0 0 0 21 52 46 38 29 38 36 55 59 83 89 55 59 32 26 16 2 2 
topdown_KCC_66_12.bmp 0 0 0 0 0 0 0 0 0 0 0 0 0 13 25 31 43 54 64 89 129 137 143 152 111 78 29 11 
topdown_KCC_66_21.bmp 0 0 0 0 0 0 0 0 0 0 0 0 0 31 83 77 110 148 170 235 224 244 253 194 150 102 62 42 15 10 4 2 
topdown_KCC_66_31.bmp 0 0 0 0 0 0 0 0 0 0 0 0 0 4 7 15 19 23 19 26 36 28 41 43 44 42 51 25 24 17 10 3 1 
topdown_KCC_66_41.bmp 0 0 0 0 0 0 0 0 0 0 0 0 0 9 12 13 13 20 18 23 14 36 30 29 43 32 45 41 28 12 10 3 1 1 
topdown_KCC_66_51.bmp 0 0 0 0 0 0 0 0 0 0 0 0 0 23 50 61 78 90 159 190 246 281 305 305 230 149 84 38 13 9 1 
topdown_KCC_75a_01.bmp 0 0 0 0 0 0 0 0 0 0 0 0 0 11 18 16 22 32 35 41 35 50 61 59 51 42 44 34 19 14 9 4 2 1 
topdown_KCC_75a_21.bmp 0 0 0 0 0 0 0 0 0 0 0 0 0 9 26 21 42 48 59 57 91 79 85 81 91 61 55 39 24 11 3 5 2 1 
topdown_KCC_75a_32.bmp 0 0 0 0 0 0 0 0 0 0 0 0 0 16 31 30 40 56 60 63 70 70 96 84 96 81 62 57 49 23 5 2 1 
topdown_KCC_75b_11.bmp 0 0 0 0 0 0 0 0 0 0 0 0 0 5 12 16 21 16 28 22 34 38 47 43 41 36 25 26 7 9 9 1 2 2 
topdown_KCC_75b_21.bmp 0 0 0 0 0 0 0 0 0 0 0 0 0 8 22 21 20 19 27 14 17 19 32 17 37 29 43 27 19 12 8 3 4 4 
topdown_KCC_76_01.bmp 0 0 0 0 0 0 0 0 0 0 0 0 0 6 18 12 10 15 10 17 12 24 30 22 33 36 18 23 10 4 2 0 2 2 1 
topdown_KCC_76_11.bmp 0 0 0 0 0 0 0 0 0 0 0 0 0 11 21 28 21 21 49 51 69 64 71 76 63 43 36 19 17 10 5 3 2 
topdown_KCC_76_22.bmp 0 0 0 0 0 0 0 0 0 0 0 0 0 0 4 4 9 4 5 12 5 8 6 9 11 5 15 22 10 5 1 0 2 
topdown_KCC_76_31.bmp 0 0 0 0 0 0 0 0 0 0 0 0 0 46 92 128 150 188 235 302 336 361 361 315 219 142 60 24 3 2 2 5 
topdown_KCC_76_41.bmp 0 0 0 0 0 0 0 0 0 0 0 0 0 39 100 107 132 193 174 252 282 209 210 156 105 67 47 13 11 4 
topdown_KCC_80_11.bmp 0 0 0 0 0 0 0 0 0 0 0 0 0 23 43 54 68 75 101 129 191 203 221 178 177 100 56 31 18 11 5 3 
topdown_KCC_80_21.bmp 0 0 0 0 0 0 0 0 0 0 0 0 0 0 3 11 10 13 10 9 19 20 23 21 27 22 19 9 14 7 6 3 1 
topdown_KCC_80_31.bmp 0 0 0 0 0 0 0 0 0 0 0 0 0 2 4 5 7 6 10 11 14 10 22 22 24 16 13 10 10 3 5 2 1 1 
topdown_KCC_80_41.bmp 0 0 0 0 0 0 0 0 0 0 0 0 0 9 18 20 28 27 60 60 63 67 98 85 78 57 28 28 14 5 2 4 3 3 
topdown_KCC_81_11.bmp 0 0 0 0 0 0 0 0 0 0 0 0 0 2 4 1 6 4 4 5 4 7 6 7 8 7 4 8 3 7 5 3 2 
topdown_KCC_81_21.bmp 0 0 0 0 0 0 0 0 0 0 0 0 0 3 5 9 7 16 12 10 24 13 23 23 30 30 17 15 8 7 7 5 2 1 1 
topdown_KCC_81_31.bmp 0 0 0 0 0 0 0 0 0 0 0 0 0 13 29 47 62 49 92 106 116 158 160 142 126 102 67 28 16 7 5 1 
topdown_KCC_85_01.bmp 0 0 0 0 0 0 0 0 0 0 0 0 0 19 25 25 20 22 51 45 51 35 50 59 43 42 54 23 26 27 12 6 4 
topdown_KCC_85_11.bmp 0 0 0 0 0 0 0 0 0 0 0 0 0 8 23 12 20 25 35 41 51 49 51 48 49 38 43 25 25 10 11 7 2 
topdown_KCC_85_22.bmp 0 0 0 0 0 0 0 0 0 0 0 0 0 187 325 238 218 243 236 253 268 291 277 247 160 110 55 36 16 3 6 4 
topdown_KCC_85_32.bmp 0 0 0 0 0 0 0 0 0 0 0 0 0 13 38 35 56 70 72 89 92 86 79 66 39 30 29 18 18 12 10 3 2 3 0 1 
topdown_KCC_85_42.bmp 0 0 0 0 0 0 0 0 0 0 0 0 0 13 38 23 56 47 64 63 79 92 96 102 78 75 68 40 33 17 5 1 
topdown_KCC_92a_11.bmp 0 0 0 0 0 0 0 0 0 0 0 0 0 10 19 17 21 21 24 40 27 42 34 24 35 30 29 24 17 9 8 3 1 2 1 
topdown_KCC_92a_21.bmp 0 0 0 0 0 0 0 0 0 0 0 0 0 18 34 30 22 30 34 45 40 39 39 39 38 35 35 28 22 15 12 4 1 2 
topdown_KCC_92a_31.bmp 0 0 0 0 0 0 0 0 0 0 0 0 0 22 26 32 48 35 52 49 47 54 69 86 63 42 36 27 20 8 13 5 3 2 1 
topdown_KCC_92a_41.bmp 0 0 0 0 0 0 0 0 0 0 0 0 0 15 30 24 32 36 50 52 62 67 79 71 70 57 49 43 29 14 4 6 1 2 
topdown_KCC_94_01.bmp 0 0 0 0 0 0 0 0 0 0 0 0 0 18 49 54 73 63 83 104 121 106 103 93 66 50 35 21 15 14 4 6 
topdown_KCC_94_11.bmp 0 0 0 0 0 0 0 0 0 0 0 0 0 15 33 28 43 40 50 53 57 68 82 47 67 47 45 32 19 24 11 10 
topdown_KCC_94_21.bmp 0 0 0 0 0 0 0 0 0 0 0 0 0 11 26 30 52 52 57 76 81 74 83 90 84 75 55 37 41 16 7 4 1 
topdown_KCC_94_32.bmp 0 0 0 0 0 0 0 0 0 0 0 0 0 35 67 84 85 124 105 111 152 158 140 159 137 117 82 51 21 12 7 
topdown_KCC_94_41.bmp 0 0 0 0 0 0 0 0 0 0 0 0 0 25 42 46 57 67 86 88 104 120 136 125 107 100 77 51 34 12 9 1 
topdown_KCC_94_52.bmp 0 0 0 0 0 0 0 0 0 0 0 0 0 11 15 20 27 30 34 30 36 35 44 44 53 50 38 31 18 12 1 2 1 0 1 
topdown_KCC_95_01.bmp 0 0 0 0 0 0 0 0 0 0 0 0 0 8 20 21 26 29 41 43 39 45 45 37 37 34 20 19 14 9 9 1 0 0 2 
topdown_KCC_95_11.bmp 0 0 0 0 0 0 0 0 0 0 0 0 0 27 40 43 47 57 63 71 77 87 92 87 64 69 57 44 27 21 5 4 1 
topdown_KCC_97b_11.bmp 0 0 0 0 0 0 0 0 0 0 0 0 0 29 46 45 43 51 41 43 56 69 101 87 86 61 51 51 25 15 14 6 2 
topdown_KCC_97b_31.bmp 0 0 0 0 0 0 0 0 0 0 0 0 0 21 33 35 29 42 45 47 46 61 60 60 56 49 43 24 24 18 17 5 2 1 
topdown_KCC_100_21.bmp 0 0 0 0 0 0 0 0 0 0 0 0 0 26 52 85 87 107 148 172 205 224 196 222 204 138 65 47 18 6 2 
topdown_KCC_100_31.bmp 0 0 0 0 0 0 0 0 0 0 0 0 0 66 182 199 240 272 359 434 475 522 426 344 213 130 62 25 6 2 1 
topdown_KCC_100_41.bmp 0 0 0 0 0 0 0 0 0 0 0 0 0 52 75 93 101 147 183 212 275 287 326 295 256 168 85 31 8 1 
topdown_KCC_101_11.bmp 0 0 0 0 0 0 0 0 0 0 0 0 0 105 156 163 149 162 190 205 260 301 332 288 264 172 79 20 10 0 1 
topdown_KCC_101_21.bmp 0 0 0 0 0 0 0 0 0 0 0 0 0 50 114 143 149 195 211 308 326 391 427 423 311 158 60 11 1 
topdown_KCC_101_31.bmp 0 0 0 0 0 0 0 0 0 0 0 0 0 192 256 219 173 166 158 204 260 270 278 301 237 162 89 29 5 0 1 
topdown_KCC_101_41.bmp 0 0 0 0 0 0 0 0 0 0 0 0 0 24 53 42 51 72 82 108 129 182 191 183 159 101 65 16 3 
