topdown_KCC_26_31.bmp 66 106 114 144 147 159 130 111 58 31 20 8 5 6 5 2 1 1 
topdown_KCC_26_41.bmp 79 182 211 203 225 214 200 152 103 71 32 11 8 5 4 4 1 
topdown_KCC_26_51.bmp 30 64 94 134 107 116 135 83 47 21 9 4 1 1 3 0 1 
topdown_KCC_26_71.bmp 48 98 136 173 190 175 170 112 66 32 20 10 1 5 0 0 1 0 0 0 1 
topdown_KCC_26_81.bmp 43 108 115 152 173 171 125 67 64 16 19 11 9 7 5 3 0 2 0 0 0 0 0 0 1 
topdown_KCC_32_21.bmp 52 109 96 90 109 95 71 52 39 19 18 11 13 5 3 0 2 4 0 3 2 0 1 0 0 0 0 0 0 1 
topdown_KCC_32_31.bmp 77 199 176 146 154 118 95 76 41 37 29 25 24 13 8 6 6 7 3 2 2 1 0 1 0 0 1 
topdown_KCC_32_41.bmp 107 346 309 262 244 148 127 119 95 80 55 39 27 26 17 15 15 6 4 0 3 2 1 0 0 0 1 
topdown_KCC_32_51.bmp 56 90 97 101 73 81 68 48 30 35 26 11 4 6 3 3 3 2 1 1 1 0 1 
topdown_KCC_32_61.bmp 54 138 154 152 171 115 104 74 38 34 14 16 17 14 11 4 2 4 2 1 1 0 0 0 0 0 0 0 0 0 0 0 0 0 0 1 
topdown_KCC_32_71.bmp 126 468 375 340 305 260 234 199 126 122 92 49 32 18 19 8 12 1 4 3 3 0 1 2 
topdown_KCC_40_02.bmp 75 61 62 46 41 37 37 22 17 27 15 7 6 7 6 2 1 3 2 1 1 0 1 0 0 0 0 1 0 0 1 
topdown_KCC_40_11.bmp 37 60 83 73 75 45 47 23 21 18 9 9 5 6 6 5 1 1 0 1 2 0 0 2 0 1 
topdown_KCC_40_21.bmp 44 83 97 96 98 73 59 29 37 17 19 18 10 3 3 1 2 1 2 3 0 0 1 0 1 1 
topdown_KCC_40_31.bmp 47 71 64 59 59 48 31 32 22 15 10 8 6 6 3 2 0 2 2 3 0 0 0 1 0 1 0 0 1 0 0 0 0 0 0 0 1 
topdown_KCC_40_41.bmp 62 103 112 111 113 93 67 46 32 19 24 12 13 6 6 3 1 2 2 2 3 2 0 0 0 0 2 0 0 0 1 
topdown_KCC_40_41.bmp 62 103 112 111 113 93 67 46 32 19 24 12 13 6 6 3 1 2 2 2 3 2 0 0 0 0 2 0 0 0 1 
topdown_KCC_40_51.bmp 86 201 181 142 137 104 83 64 45 42 31 22 13 9 5 8 6 3 0 3 2 2 1 1 1 2 1 0 1 1 1 2 0 0 0 0 1 1 
topdown_KCC_40_61.bmp 98 174 134 125 85 77 70 62 38 31 22 20 12 16 7 7 6 3 5 1 3 2 1 3 0 0 0 0 0 0 0 1 0 1 1 
topdown_KCC_40_71.bmp 66 80 88 85 69 62 46 41 34 25 15 9 4 11 5 6 3 3 0 1 1 1 1 1 
topdown_KCC_40_81.bmp 36 40 54 50 49 41 25 22 17 11 12 2 5 5 4 3 2 1 1 0 0 0 0 1 0 0 1 
topdown_KCC_48_01.bmp 86 123 92 101 79 74 62 38 32 25 14 14 8 7 1 3 3 6 2 5 3 0 5 0 1 1 1 0 1 0 1 
topdown_KCC_48_11.bmp 33 34 19 36 24 18 15 17 8 4 5 5 3 1 6 1 1 0 0 1 0 0 0 0 0 0 0 0 0 2 0 0 1 
topdown_KCC_48_31.bmp 118 263 287 254 195 148 135 120 110 65 39 34 28 29 14 7 5 2 2 2 1 2 0 0 1 0 2 0 0 0 1 
topdown_KCC_48_41.bmp 76 64 55 50 44 43 33 23 22 12 11 12 4 7 5 4 0 2 1 2 2 0 1 1 0 0 0 0 1 0 0 0 1 1 
topdown_KCC_48_51.bmp 41 97 75 60 40 56 27 18 20 19 7 9 5 6 3 2 1 5 7 1 2 0 1 0 1 1 1 0 0 1 
topdown_KCC_57a_01.bmp 68 46 56 38 36 41 25 16 15 10 3 8 3 4 7 5 2 1 0 2 3 0 0 1 0 0 1 0 0 0 0 0 0 1 0 0 0 0 0 0 0 0 0 0 0 0 0 0 0 0 0 0 0 0 1 
topdown_KCC_57a_11.bmp 95 190 185 200 157 123 86 65 42 39 22 19 16 9 8 5 10 5 5 1 1 2 1 2 5 3 0 2 0 0 0 0 1 0 0 1 0 0 0 0 0 0 0 1 
topdown_KCC_57a_21.bmp 78 77 79 58 41 37 35 19 16 14 10 5 7 4 3 5 5 4 2 0 0 2 1 0 2 1 1 0 0 0 0 0 0 0 0 2 1 0 1 0 0 0 0 1 
topdown_KCC_57a_31.bmp 83 83 77 44 55 41 25 17 19 18 18 12 5 10 6 5 0 2 2 0 2 0 0 1 1 1 2 0 0 1 1 0 1 0 0 0 1 
topdown_KCC_57b_01.bmp 31 44 18 13 16 13 5 13 6 3 1 4 0 4 2 2 0 0 1 1 0 1 1 0 0 1 0 0 1 0 1 0 0 0 0 0 0 0 0 0 0 0 0 0 0 0 0 0 0 0 0 1 
topdown_KCC_57b_11.bmp 58 96 85 78 69 39 28 25 23 20 16 10 12 8 6 5 1 3 3 3 1 0 1 0 0 0 2 0 0 0 0 0 0 0 0 0 0 0 0 0 0 0 0 0 0 1 
topdown_KCC_57b_21.bmp 97 98 87 67 65 44 40 27 29 19 16 18 12 9 6 6 5 3 1 2 1 2 1 0 0 1 0 0 0 0 1 0 0 0 0 0 0 0 0 0 0 0 1 
topdown_KCC_58_01.bmp 77 139 133 94 87 68 50 35 35 23 13 14 17 11 6 9 5 3 4 3 3 1 0 1 1 2 0 1 0 0 0 0 0 0 0 0 0 1 
topdown_KCC_58_11.bmp 92 171 174 149 118 94 86 52 36 31 26 10 15 18 10 5 4 4 2 5 1 4 0 0 4 0 0 0 1 1 0 1 0 1 0 1 0 0 0 0 0 0 0 0 0 0 0 0 0 0 0 0 0 0 0 0 1 
topdown_KCC_58_21.bmp 77 103 85 91 50 55 39 23 20 12 14 11 11 6 7 1 0 4 4 0 3 2 1 1 0 1 0 2 0 0 0 0 1 0 1 0 0 1 0 0 1 0 0 0 0 1 
topdown_KCC_58_31.bmp 79 106 76 104 62 41 53 47 28 22 14 10 16 9 7 5 2 1 0 3 1 0 1 2 1 0 0 0 0 1 0 1 
topdown_KCC_58_41.bmp 27 27 35 27 23 19 18 16 9 9 2 4 3 1 4 2 2 1 1 1 0 0 0 1 
topdown_KCC_66_02.bmp 114 99 80 75 77 72 44 33 34 27 18 11 8 6 13 7 3 4 7 2 0 1 1 0 0 0 1 0 0 1 
topdown_KCC_66_12.bmp 50 139 143 162 138 124 94 78 53 46 26 26 10 6 7 4 3 
topdown_KCC_66_21.bmp 126 354 361 291 228 210 134 101 85 51 53 26 22 18 18 19 11 11 5 3 3 5 2 3 2 0 2 4 0 1 1 0 2 1 0 1 0 0 0 0 1 1 
topdown_KCC_66_31.bmp 66 78 57 52 45 30 30 36 15 9 9 11 7 8 6 4 4 0 5 2 0 1 1 0 1 0 1 
topdown_KCC_66_41.bmp 69 59 57 40 38 24 34 23 23 15 9 11 7 8 1 4 5 1 0 0 1 1 0 1 0 0 0 0 1 0 0 0 0 0 1 
topdown_KCC_66_51.bmp 113 285 352 331 297 238 195 128 117 72 46 38 24 22 13 10 5 7 4 2 3 0 3 3 0 0 3 0 1 
topdown_KCC_75a_01.bmp 78 103 82 80 50 45 26 26 18 15 18 11 6 8 4 3 4 4 4 1 1 3 3 0 2 0 0 1 1 0 1 0 0 0 1 0 0 0 0 0 0 0 1 
topdown_KCC_75a_21.bmp 86 159 141 105 74 79 52 34 29 30 19 20 8 12 5 10 5 2 1 4 4 2 1 0 0 0 0 2 1 0 0 0 0 2 0 0 0 1 0 0 1 0 0 1 
topdown_KCC_75a_32.bmp 121 175 130 114 81 64 71 41 35 27 28 17 20 17 10 13 10 5 3 2 1 2 0 0 2 0 0 0 0 2 0 0 0 1 
topdown_KCC_75b_11.bmp 55 74 61 58 42 33 25 15 16 12 12 7 0 4 2 5 3 1 1 1 3 3 1 1 1 0 0 0 0 0 0 1 0 1 0 0 0 0 0 0 2 
topdown_KCC_75b_21.bmp 91 58 44 26 36 25 20 27 13 12 8 6 8 4 3 4 1 2 2 2 1 0 0 1 0 2 1 0 1 0 0 0 2 2 
topdown_KCC_76_01.bmp 53 44 36 35 24 25 26 11 10 11 10 6 1 4 0 2 0 2 0 1 0 1 0 0 0 0 0 0 0 0 0 0 1 0 1 0 1 1 0 0 0 0 0 0 0 0 0 0 0 1 
topdown_KCC_76_11.bmp 72 111 104 88 68 61 39 31 17 17 15 7 5 8 8 3 3 4 1 1 4 3 0 1 0 2 1 1 1 0 0 0 2 0 0 0 0 1 0 1 
topdown_KCC_76_22.bmp 23 22 12 11 11 4 11 12 11 9 3 2 2 0 1 1 0 0 0 0 0 0 0 0 1 1 
topdown_KCC_76_31.bmp 127 453 445 425 335 301 225 168 141 92 67 58 41 28 17 10 9 10 3 1 4 0 2 0 0 0 0 0 0 1 0 0 1 0 1 0 0 0 0 1 0 0 1 2 1 0 0 0 0 0 0 1 
topdown_KCC_76_41.bmp 70 372 333 324 250 161 143 105 80 54 53 25 23 21 16 16 11 11 8 0 3 4 3 2 1 2 1 1 4 1 2 0 1 
topdown_KCC_80_11.bmp 108 233 249 248 217 147 119 112 66 48 31 24 12 17 8 6 5 5 5 3 5 6 2 3 0 0 0 1 1 0 3 0 0 0 0 1 0 0 0 0 1 1 
topdown_KCC_80_21.bmp 36 33 32 37 22 20 13 10 8 4 4 5 6 5 0 1 2 2 2 0 1 2 1 0 0 0 0 0 0 0 1 
topdown_KCC_80_31.bmp 24 34 22 32 21 14 11 7 5 3 6 4 3 2 0 1 1 2 2 0 0 0 0 0 1 1 0 1 0 0 0 0 0 0 0 0 1 
topdown_KCC_80_41.bmp 65 122 117 106 81 74 48 40 19 14 11 16 7 6 7 3 2 2 0 1 3 1 0 0 0 1 1 0 0 2 1 1 0 0 0 0 1 1 0 0 1 0 0 0 0 0 0 1 0 0 1 0 1 
topdown_KCC_81_11.bmp 20 17 10 10 6 6 4 4 1 2 1 4 3 2 2 0 2 0 1 0 0 0 1 0 1 
topdown_KCC_81_21.bmp 40 48 33 29 30 21 15 8 9 6 3 2 3 3 2 2 3 2 0 1 0 1 1 2 1 0 0 0 1 0 1 0 0 0 0 0 0 0 0 0 0 1 
topdown_KCC_81_31.bmp 89 203 189 192 158 110 84 75 53 47 37 22 13 11 7 7 2 8 2 4 2 1 1 0 2 1 2 0 1 0 2 0 0 0 0 0 0 0 1 
topdown_KCC_85_01.bmp 98 128 76 70 51 33 28 36 21 11 12 8 12 6 9 9 5 5 3 4 2 1 1 1 4 0 1 0 0 1 0 2 0 1 
topdown_KCC_85_11.bmp 74 110 83 65 49 33 30 17 26 15 11 9 5 12 4 2 3 5 2 5 0 3 1 2 1 2 1 0 1 0 0 0 1 0 0 1 
topdown_KCC_85_22.bmp 245 762 429 312 263 230 198 147 130 94 68 61 33 40 35 19 25 8 8 16 7 9 3 2 3 4 5 2 0 1 1 2 0 0 0 0 1 0 1 1 1 0 1 1 0 1 0 0 0 1 0 0 0 1 0 1 0 0 1 
topdown_KCC_85_32.bmp 85 199 146 120 75 57 30 22 21 9 13 9 8 3 8 7 6 4 4 4 4 2 3 1 2 2 3 2 1 1 1 0 0 0 0 0 1 1 0 1 0 1 0 0 1 0 0 0 0 0 0 1 1 0 1 0 0 0 0 0 0 0 0 0 0 0 0 0 0 0 0 0 0 0 0 0 0 0 0 0 0 0 0 0 0 0 0 0 0 1 
topdown_KCC_85_42.bmp 115 154 157 107 96 75 52 45 41 26 26 18 15 7 15 8 6 7 3 3 4 4 1 0 0 2 1 1 0 1 
topdown_KCC_92a_11.bmp 76 85 62 43 25 27 23 14 12 10 13 9 5 3 7 4 4 1 1 2 3 1 1 0 1 1 1 0 0 0 0 0 1 0 0 0 0 0 0 2 0 0 0 0 0 0 0 0 0 0 0 0 0 0 0 0 1 
topdown_KCC_92a_21.bmp 108 111 72 48 37 30 21 20 19 19 13 8 9 8 4 4 2 7 2 4 0 0 6 3 0 2 1 0 1 0 0 0 0 0 1 0 0 0 0 0 0 0 1 0 0 0 1 
topdown_KCC_92a_31.bmp 120 138 78 90 80 52 39 25 19 18 7 13 8 6 8 5 4 3 1 1 2 3 2 1 3 3 0 2 2 0 1 0 0 0 0 0 0 1 1 0 1 0 0 1 1 0 0 0 0 0 0 0 0 0 0 0 0 0 0 0 0 0 0 1 
topdown_KCC_92a_41.bmp 99 139 117 91 68 55 44 32 29 20 18 19 14 12 4 5 5 5 2 2 0 2 1 0 1 2 0 2 0 0 1 1 1 0 0 0 0 0 0 0 0 0 0 1 0 0 0 0 1 
topdown_KCC_94_01.bmp 95 203 192 141 97 84 55 30 41 26 14 19 7 14 8 4 4 6 6 3 2 3 2 1 4 1 4 2 1 2 0 0 1 0 0 2 0 1 2 0 0 0 0 1 
topdown_KCC_94_11.bmp 114 146 108 101 44 58 35 22 22 21 14 14 9 8 3 7 8 3 8 3 8 1 3 0 1 0 0 4 2 0 2 2 
topdown_KCC_94_21.bmp 105 174 140 105 88 76 49 41 33 22 18 11 19 13 16 8 7 4 3 7 1 4 1 1 0 1 1 1 0 1 1 0 0 0 0 1 
topdown_KCC_94_32.bmp 166 320 209 201 136 124 92 87 61 58 40 22 36 15 20 11 9 7 4 6 4 3 6 1 1 1 2 1 1 2 1 
topdown_KCC_94_41.bmp 134 219 175 157 133 90 81 57 45 36 33 31 20 14 12 13 5 9 3 2 3 3 2 3 2 3 0 1 0 0 0 1 
topdown_KCC_94_52.bmp 74 96 62 51 46 41 35 26 23 14 17 11 5 6 6 4 5 5 1 0 0 0 0 1 0 1 0 1 0 0 0 0 0 0 0 0 1 0 0 0 0 0 0 0 0 0 0 0 0 0 0 0 0 0 0 0 0 0 1 
topdown_KCC_95_01.bmp 62 107 77 58 41 25 21 22 15 11 8 5 8 7 4 2 5 2 4 1 1 1 1 0 2 1 5 0 0 0 1 0 0 0 0 0 0 0 0 0 0 0 0 0 0 0 0 0 0 0 0 0 0 0 0 0 0 1 0 1 
topdown_KCC_95_11.bmp 130 169 143 111 85 73 42 43 30 31 15 22 16 14 13 8 3 4 12 4 2 2 3 1 0 1 1 0 2 0 0 1 0 1 0 1 
topdown_KCC_97b_11.bmp 160 134 97 127 81 59 64 31 32 19 22 16 18 8 6 9 7 3 3 2 3 2 5 2 3 1 0 2 0 1 2 1 0 0 1 0 0 1 
topdown_KCC_97b_31.bmp 119 137 95 73 55 44 32 36 18 19 7 10 11 8 8 7 7 3 3 1 3 5 7 2 0 1 0 0 1 1 2 0 0 1 0 1 0 0 0 0 0 1 
topdown_KCC_100_21.bmp 121 316 306 262 220 152 151 131 89 63 48 35 22 15 26 9 8 8 3 3 6 2 1 2 0 2 1 0 0 0 0 1 1 
topdown_KCC_100_31.bmp 124 647 593 551 467 414 311 205 155 145 66 74 51 41 27 28 8 13 10 6 5 8 0 1 2 1 1 0 0 1 1 0 1 0 0 0 0 0 1 
topdown_KCC_100_41.bmp 159 365 351 356 284 260 209 161 115 98 77 45 28 36 16 11 4 11 1 3 2 1 1 1 
topdown_KCC_101_11.bmp 256 462 340 317 299 248 209 174 122 124 97 66 41 36 19 14 12 4 2 3 2 3 3 2 1 0 0 0 0 0 0 0 1 
topdown_KCC_101_21.bmp 154 486 425 414 369 338 286 249 168 146 78 63 34 33 14 9 5 1 3 1 2 
topdown_KCC_101_31.bmp 360 583 299 271 273 232 177 183 142 113 89 76 45 37 35 25 19 9 10 8 7 2 3 1 0 0 0 0 0 0 0 0 0 0 0 1 
topdown_KCC_101_41.bmp 97 186 191 181 182 149 130 91 77 63 27 28 24 16 5 6 4 1 2 1 
