topdown_KCC_26_31.bmp 372 482 636 657 678 701 726 753 783 818 862 922 1114 
topdown_KCC_26_41.bmp 561 728 966 997 1030 1066 1105 1148 1199 1259 1331 1430 1705 
topdown_KCC_26_51.bmp 311 395 516 532 549 567 587 609 633 661 692 735 850 
topdown_KCC_26_71.bmp 444 572 749 772 796 822 849 880 914 954 1001 1064 1238 
topdown_KCC_26_81.bmp 352 470 633 654 675 699 725 754 785 821 864 926 1091 
topdown_KCC_32_21.bmp 199 279 396 411 427 445 464 485 511 542 581 637 795 
topdown_KCC_32_31.bmp 273 388 569 594 621 650 682 718 761 813 881 979 1247 
topdown_KCC_32_41.bmp 446 619 909 951 996 1046 1103 1169 1245 1335 1450 1618 2048 
topdown_KCC_32_51.bmp 188 258 361 376 392 409 428 449 472 500 534 583 741 
topdown_KCC_32_61.bmp 282 397 572 595 620 646 675 707 744 788 843 918 1121 
topdown_KCC_32_71.bmp 710 959 1349 1403 1462 1526 1597 1678 1772 1886 2034 2251 2799 
topdown_KCC_40_02.bmp 93 131 189 198 207 217 228 241 256 275 300 334 479 
topdown_KCC_40_11.bmp 113 164 247 258 271 284 298 315 335 358 387 425 530 
topdown_KCC_40_21.bmp 164 234 340 355 370 387 406 427 451 479 515 563 698 
topdown_KCC_40_31.bmp 96 140 212 222 233 245 258 272 289 310 335 371 494 
topdown_KCC_40_41.bmp 185 269 398 415 434 454 476 501 528 562 605 661 837 
topdown_KCC_40_41.bmp 185 269 398 415 434 454 476 501 528 562 605 661 837 
topdown_KCC_40_51.bmp 212 318 491 516 543 573 606 644 688 742 812 916 1202 
topdown_KCC_40_61.bmp 181 263 392 411 433 456 483 513 550 593 649 731 1005 
topdown_KCC_40_71.bmp 146 203 295 308 323 338 355 375 397 423 455 500 657 
topdown_KCC_40_81.bmp 85 121 178 186 194 203 213 224 237 252 271 296 382 
topdown_KCC_48_01.bmp 138 209 320 335 351 369 390 414 441 473 512 572 788 
topdown_KCC_48_11.bmp 38 57 88 93 99 105 111 118 126 136 147 163 234 
topdown_KCC_48_31.bmp 434 595 861 899 941 988 1039 1096 1163 1243 1343 1481 1864 
topdown_KCC_48_41.bmp 80 119 182 190 200 210 222 235 252 271 296 331 477 
topdown_KCC_48_51.bmp 81 121 192 202 213 226 240 256 275 298 328 374 506 
topdown_KCC_57a_01.bmp 51 82 137 145 153 162 172 183 197 214 237 268 393 
topdown_KCC_57a_11.bmp 222 343 548 579 611 646 684 726 774 830 902 1003 1301 
topdown_KCC_57a_21.bmp 56 92 158 168 179 191 205 221 239 261 291 340 511 
topdown_KCC_57a_31.bmp 77 112 181 191 203 214 227 241 258 280 311 357 533 
topdown_KCC_57b_01.bmp 16 26 46 49 53 57 61 66 72 79 89 109 183 
topdown_KCC_57b_11.bmp 98 142 225 238 252 267 283 303 325 352 385 434 593 
topdown_KCC_57b_21.bmp 110 159 242 255 269 283 300 319 340 369 405 457 658 
topdown_KCC_58_01.bmp 139 207 324 341 359 379 401 427 458 497 546 618 836 
topdown_KCC_58_11.bmp 177 276 436 460 487 516 548 584 628 680 745 840 1117 
topdown_KCC_58_21.bmp 75 121 210 223 236 252 270 291 315 344 381 436 628 
topdown_KCC_58_31.bmp 133 191 280 293 308 325 344 365 389 417 451 504 692 
topdown_KCC_58_41.bmp 48 67 97 101 106 111 117 124 133 143 157 173 232 
topdown_KCC_66_02.bmp 136 196 296 310 324 340 357 377 400 427 463 515 738 
topdown_KCC_66_12.bmp 310 418 582 605 629 656 685 717 753 795 846 916 1109 
topdown_KCC_66_21.bmp 360 552 876 923 975 1032 1096 1169 1254 1358 1489 1672 2156 
topdown_KCC_66_31.bmp 83 120 180 189 199 209 221 235 252 271 298 338 478 
topdown_KCC_66_41.bmp 80 113 164 171 179 189 199 211 224 241 264 297 433 
topdown_KCC_66_51.bmp 556 787 1140 1189 1241 1298 1362 1433 1515 1610 1728 1891 2312 
topdown_KCC_75a_01.bmp 79 119 195 206 219 234 251 271 294 321 356 409 600 
topdown_KCC_75a_21.bmp 127 193 314 331 351 373 398 427 461 504 560 640 890 
topdown_KCC_75a_32.bmp 168 242 366 384 403 425 451 481 515 558 613 696 992 
topdown_KCC_75b_11.bmp 52 82 141 150 160 171 185 199 217 237 264 302 440 
topdown_KCC_75b_21.bmp 49 77 122 129 137 145 154 164 175 189 209 240 402 
topdown_KCC_76_01.bmp 34 57 98 104 110 117 125 134 145 158 175 200 307 
topdown_KCC_76_11.bmp 87 142 241 256 272 289 309 332 359 391 434 495 680 
topdown_KCC_76_22.bmp 31 41 54 56 58 61 63 67 71 75 81 92 137 
topdown_KCC_76_31.bmp 635 917 1365 1427 1495 1571 1656 1750 1859 1988 2148 2377 2971 
topdown_KCC_76_41.bmp 378 567 895 943 996 1053 1116 1186 1266 1362 1486 1668 2101 
topdown_KCC_80_11.bmp 320 478 743 781 821 865 914 968 1031 1104 1194 1323 1687 
topdown_KCC_80_21.bmp 36 55 89 94 99 105 112 119 129 140 154 175 247 
topdown_KCC_80_31.bmp 25 38 67 71 76 82 88 95 103 112 123 139 198 
topdown_KCC_80_41.bmp 80 145 263 280 298 320 343 370 400 434 481 551 757 
topdown_KCC_81_11.bmp 14 19 29 30 32 34 36 39 42 46 51 59 97 
topdown_KCC_81_21.bmp 28 46 83 88 94 101 108 117 127 139 154 178 268 
topdown_KCC_81_31.bmp 259 377 577 604 635 669 707 749 797 854 927 1032 1326 
topdown_KCC_85_01.bmp 80 121 191 202 214 228 245 264 286 313 348 410 639 
topdown_KCC_85_11.bmp 73 111 180 190 202 216 232 250 272 299 336 392 573 
topdown_KCC_85_22.bmp 441 675 1072 1130 1193 1264 1346 1440 1555 1699 1894 2211 3173 
topdown_KCC_85_32.bmp 49 83 174 191 212 235 263 295 335 384 450 550 861 
topdown_KCC_85_42.bmp 164 239 372 391 412 436 463 493 529 574 631 714 990 
topdown_KCC_92a_11.bmp 44 69 116 124 132 140 151 162 177 198 226 271 438 
topdown_KCC_92a_21.bmp 62 95 150 159 169 180 192 208 227 250 282 337 562 
topdown_KCC_92a_31.bmp 62 105 200 215 232 251 272 296 324 357 400 466 740 
topdown_KCC_92a_41.bmp 108 164 264 280 296 315 336 361 391 428 476 547 793 
topdown_KCC_94_01.bmp 116 191 340 363 388 417 450 489 535 591 663 767 1078 
topdown_KCC_94_11.bmp 89 135 225 239 254 271 293 319 349 385 433 505 771 
topdown_KCC_94_21.bmp 142 211 335 353 373 396 421 450 485 529 587 676 952 
topdown_KCC_94_32.bmp 279 404 614 645 680 719 763 815 875 948 1041 1186 1647 
topdown_KCC_94_41.bmp 218 317 492 518 546 578 612 652 699 756 828 937 1287 
topdown_KCC_94_52.bmp 80 120 187 196 206 218 231 246 263 285 314 359 533 
topdown_KCC_95_01.bmp 43 72 128 137 147 159 173 190 210 235 268 321 499 
topdown_KCC_95_11.bmp 141 207 328 346 366 390 416 446 482 527 586 674 983 
topdown_KCC_97b_11.bmp 120 184 301 319 339 360 385 414 447 487 534 605 922 
topdown_KCC_97b_31.bmp 79 122 203 216 231 246 265 286 311 344 387 453 718 
topdown_KCC_100_21.bmp 421 598 884 925 970 1019 1074 1137 1211 1299 1411 1569 2004 
topdown_KCC_100_31.bmp 873 1260 1862 1945 2034 2133 2244 2370 2514 2685 2897 3200 3958 
topdown_KCC_100_41.bmp 640 878 1251 1301 1357 1419 1488 1565 1653 1756 1889 2077 2595 
topdown_KCC_101_11.bmp 651 895 1274 1327 1383 1444 1512 1590 1681 1790 1934 2156 2857 
topdown_KCC_101_21.bmp 899 1204 1660 1723 1790 1865 1948 2041 2149 2276 2432 2658 3278 
topdown_KCC_101_31.bmp 611 838 1200 1251 1307 1368 1438 1514 1604 1715 1865 2119 3000 
topdown_KCC_101_41.bmp 386 524 734 763 793 827 863 903 949 1005 1074 1171 1461 
