topdown_KCC_26_31.bmp 4.07534 2.30858 3.59151 2.21527 3.06183 2.14575 2.99794 2.14025 2.93604 2.13511 2.87028 2.12992 2.80161 2.12427 2.72978 2.11884 2.65267 2.11345 2.56583 2.10815 2.46011 2.10364 2.32329 2.09913 1.9421 2.08463 
topdown_KCC_26_41.bmp 3.16746 1.54105 2.78908 1.52116 2.36413 1.51685 2.31613 1.51695 2.26641 1.51726 2.21347 1.51808 2.15843 1.51856 2.09958 1.51944 2.03143 1.52153 1.95468 1.52396 1.86789 1.52597 1.75633 1.528 1.48787 1.52757 
topdown_KCC_26_51.bmp 3.91123 1.86171 3.51828 1.818 3.0284 1.82322 2.96965 1.82634 2.90914 1.82944 2.84641 1.83321 2.7788 1.83733 2.70731 1.84126 2.63167 1.84579 2.54724 1.85036 2.45738 1.85545 2.33768 1.86333 2.04142 1.88803 
topdown_KCC_26_71.bmp 3.83691 2.00958 3.40209 1.94791 2.92119 1.91057 2.86649 1.90761 2.81026 1.90551 2.75114 1.90345 2.6915 1.90163 2.6246 1.90037 2.55323 1.89971 2.47197 1.8996 2.37992 1.9003 2.26201 1.90219 1.96356 1.91196 
topdown_KCC_26_81.bmp 4.69178 3.41471 4.01659 3.17732 3.35364 2.96113 3.2825 2.93923 3.21402 2.91825 3.13792 2.89594 3.0579 2.87363 2.97212 2.85025 2.88446 2.82663 2.78676 2.80134 2.67474 2.77425 2.52137 2.74023 2.16142 2.66479 
topdown_KCC_32_21.bmp 8.12823 7.38702 6.62429 6.67334 5.25153 5.98877 5.11494 5.92005 4.97599 5.85046 4.82812 5.77583 4.67951 5.70172 4.52299 5.62508 4.33852 5.53756 4.13296 5.44108 3.8953 5.32928 3.58883 5.18428 2.90436 4.83956 
topdown_KCC_32_31.bmp 5.09113 3.54964 4.09079 3.35387 3.13846 3.1018 3.03994 3.07195 2.93992 3.04078 2.83937 3.00833 2.73491 2.97435 2.62492 2.93804 2.50272 2.89714 2.36715 2.85048 2.20701 2.79363 2.00628 2.71754 1.59089 2.53531 
topdown_KCC_32_41.bmp 4.29825 2.68346 3.54059 2.58398 2.71177 2.45405 2.62111 2.43602 2.52991 2.41698 2.43514 2.39612 2.33395 2.37329 2.22567 2.34742 2.11174 2.31808 1.98981 2.28404 1.8509 2.2421 1.67563 2.18404 1.33717 2.04928 
topdown_KCC_32_51.bmp 7.88239 5.34677 6.55912 5.05366 5.27348 4.73448 5.12072 4.69913 4.9661 4.66278 4.81076 4.62531 4.64656 4.58513 4.47634 4.54201 4.30168 4.49659 4.10401 4.44352 3.88142 4.38354 3.59138 4.30304 2.85406 4.07104 
topdown_KCC_32_61.bmp 6.04848 5.64452 4.91027 5.08006 3.83274 4.533 3.7247 4.47697 3.61417 4.41871 3.50588 4.36096 3.39136 4.30027 3.27196 4.23738 3.14209 4.16941 2.99772 4.0945 2.83083 4.00867 2.626 3.90222 2.17199 3.66078 
topdown_KCC_32_71.bmp 2.74056 1.75173 2.31871 1.66795 1.85405 1.58501 1.80229 1.57559 1.74873 1.5654 1.69352 1.55478 1.63553 1.54342 1.57321 1.53092 1.5054 1.51705 1.42911 1.50093 1.33877 1.48083 1.22204 1.4523 0.992692 1.38288 
topdown_KCC_40_02.bmp 15.2508 12.9602 12.329 11.8341 9.60244 10.6687 9.27729 10.5287 8.97163 10.396 8.64792 10.2592 8.31475 10.1169 7.94958 9.95771 7.56312 9.7843 7.11319 9.5829 6.58901 9.33738 5.97687 9.03336 4.20963 8.00387 
topdown_KCC_40_11.bmp 13.8676 11.4129 10.8911 10.4545 8.13526 9.35697 7.87203 9.23945 7.58285 9.10621 7.31393 8.97925 7.04041 8.8515 6.73188 8.70525 6.39731 8.54471 6.04885 8.3715 5.65278 8.17058 5.19908 7.9295 4.21101 7.37291 
topdown_KCC_40_21.bmp 7.21472 6.02263 5.77177 5.50353 4.46712 4.96005 4.32782 4.89906 4.19639 4.84098 4.05608 4.77835 3.90822 4.71252 3.75571 4.6437 3.59234 4.57053 3.41736 4.49003 3.21134 4.3948 2.96728 4.27844 2.41737 4.00298 
topdown_KCC_40_31.bmp 14.8461 16.7176 11.6345 14.6212 8.62871 12.5916 8.3297 12.3806 8.02402 12.1617 7.71545 11.9368 7.40648 11.7084 7.09696 11.4794 6.74932 11.2223 6.35979 10.9305 5.9453 10.6146 5.42284 10.2105 4.11296 9.13417 
topdown_KCC_40_41.bmp 10.3565 10.0702 8.12781 8.97999 6.18143 7.8988 5.99172 7.78933 5.79315 7.67298 5.59779 7.55681 5.39632 7.43639 5.18228 7.30815 4.96728 7.17859 4.71584 7.028 4.42605 6.8539 4.09228 6.64799 3.264 6.12155 
topdown_KCC_40_41.bmp 10.3565 10.0702 8.12781 8.97999 6.18143 7.8988 5.99172 7.78933 5.79315 7.67298 5.59779 7.55681 5.39632 7.43639 5.18228 7.30815 4.96728 7.17859 4.71584 7.028 4.42605 6.8539 4.09228 6.64799 3.264 6.12155 
topdown_KCC_40_51.bmp 9.14858 10.4564 6.97239 9.0724 5.07804 7.73858 4.88604 7.59631 4.69364 7.4524 4.49624 7.30288 4.29731 7.14921 4.0869 6.98555 3.86524 6.81123 3.62129 6.61598 3.34344 6.38848 2.99401 6.0933 2.30451 5.45999 
topdown_KCC_40_61.bmp 10.5348 9.97662 8.29526 8.91801 6.254 7.86449 6.03037 7.74715 5.78893 7.61929 5.55585 7.49293 5.30184 7.35466 5.044 7.2107 4.75505 7.04626 4.45556 6.8697 4.1133 6.6601 3.68859 6.38782 2.71004 5.67686 
topdown_KCC_40_71.bmp 12.4201 9.02864 10.2023 8.44017 7.89677 7.79608 7.64824 7.72085 7.3772 7.63857 7.12291 7.55959 6.85388 7.47303 6.55921 7.376 6.25963 7.27437 5.93649 7.15924 5.57504 7.02659 5.12499 6.8537 3.93967 6.34165 
topdown_KCC_40_81.bmp 14.4887 12.0016 11.5919 10.9954 8.86119 9.89724 8.5784 9.77284 8.3118 9.65457 8.02879 9.52853 7.73326 9.39637 7.42867 9.25966 7.09523 9.10727 6.74224 8.94217 6.33413 8.74945 5.85812 8.51648 4.58478 7.85877 
topdown_KCC_48_01.bmp 12.9763 11.7672 9.80056 10.5339 7.19823 9.22993 6.95191 9.09197 6.70616 8.95283 6.44723 8.80589 6.16646 8.6456 5.87206 8.47436 5.56988 8.29525 5.24665 8.09871 4.89627 7.87879 4.42763 7.57829 3.24625 6.73579 
topdown_KCC_48_11.bmp 23.5977 25.5107 17.8498 22.3013 13.0113 19.0769 12.4501 18.7017 11.8328 18.2841 11.2758 17.8939 10.7735 17.5265 10.2405 17.1273 9.68941 16.7059 9.07324 16.2245 8.47861 15.7418 7.72411 15.1193 5.43396 13.078 
topdown_KCC_48_31.bmp 4.5562 3.46189 3.79606 3.21031 2.95064 2.95486 2.85681 2.92599 2.75915 2.89539 2.65684 2.86249 2.55369 2.828 2.44654 2.7912 2.32958 2.75056 2.20232 2.70443 2.05938 2.65011 1.88654 2.58055 1.51401 2.41402 
topdown_KCC_48_41.bmp 20.0488 19.898 15.4396 17.585 11.3411 15.2846 10.975 15.0597 10.5474 14.7949 10.1486 14.5469 9.70651 14.2674 9.26357 13.9862 8.73132 13.6491 8.20064 13.3018 7.58631 12.8859 6.8522 12.3697 4.80273 10.753 
topdown_KCC_48_51.bmp 18.8113 14.9567 14.3799 13.7645 10.1899 12.2142 9.79604 12.0316 9.39248 11.8428 8.94901 11.6355 8.51574 11.4236 8.06861 11.1947 7.59237 10.9407 7.07738 10.6588 6.4953 10.323 5.75439 9.86649 4.29609 8.8285 
topdown_KCC_57a_01.bmp 13.5124 20.5969 9.56975 16.966 6.43699 13.646 6.15144 13.3145 5.89275 13.0064 5.62699 12.6853 5.3583 12.3565 5.08744 12.0254 4.77574 11.6429 4.44136 11.2267 4.05177 10.7319 3.61957 10.1605 2.49319 8.54662 
topdown_KCC_57a_11.bmp 8.0136 9.10491 5.92696 7.84942 4.17104 6.61136 3.99242 6.4754 3.82446 6.34369 3.65657 6.209 3.49024 6.07271 3.32323 5.93264 3.15046 5.78471 2.96814 5.62693 2.75934 5.44384 2.5068 5.21713 1.95202 4.69218 
topdown_KCC_57a_21.bmp 25.9116 27.7767 18.0055 23.7671 11.7829 19.5419 11.207 19.0864 10.6351 18.6226 10.0718 18.1564 9.48573 17.6562 8.89238 17.1348 8.30612 16.6022 7.68585 16.0158 6.96316 15.3144 6.02114 14.3499 4.04613 12.027 
topdown_KCC_57a_31.bmp 23.6481 23.0035 18.5407 20.5079 12.9034 17.6501 12.3585 17.3358 11.7666 16.9788 11.2732 16.6706 10.7451 16.3258 10.2299 15.9783 9.65613 15.5918 8.98703 15.1395 8.17593 14.5687 7.19345 13.8336 4.86665 11.7926 
topdown_KCC_57b_01.bmp 69.4103 81.0304 48.171 68.5135 30.6034 54.9408 29.0259 53.5611 27.1674 51.8772 25.543 50.3448 24.1026 48.9457 22.5055 47.3603 20.8562 45.6486 19.2031 43.8777 17.2144 41.6903 14.1969 38.1722 8.54003 30.2004 
topdown_KCC_57b_11.bmp 18.2372 21.1258 14.383 18.4539 10.2083 15.6365 9.76116 15.3155 9.32108 14.9929 8.89222 14.6701 8.476 14.3493 8.0032 13.98 7.53808 13.6073 7.0343 13.1902 6.49637 12.7328 5.82089 12.1396 4.30315 10.6814 
topdown_KCC_57b_21.bmp 15.44 15.8264 12.2166 14.0135 9.02118 12.1847 8.66019 11.9709 8.30143 11.7546 7.97152 11.5503 7.60263 11.318 7.22615 11.0765 6.84945 10.8283 6.37766 10.518 5.8708 10.1691 5.25495 9.72517 3.68632 8.44095 
topdown_KCC_58_01.bmp 13.5559 11.8656 10.4167 10.7088 7.47968 9.4078 7.18659 9.2587 6.90056 9.10866 6.60747 8.9512 6.30985 8.78902 5.98952 8.60922 5.64309 8.41118 5.25462 8.18297 4.83151 7.92212 4.31243 7.58176 3.2198 6.77243 
topdown_KCC_58_11.bmp 11.2517 16.1478 8.23952 13.5356 5.86516 11.2073 5.62155 10.9598 5.3685 10.7022 5.1214 10.4458 4.8739 10.1844 4.62191 9.91387 4.34389 9.61329 4.05326 9.29298 3.73782 8.93628 3.34852 8.48558 2.54356 7.49003 
topdown_KCC_58_21.bmp 19.8421 23.2953 14.0237 19.7612 9.09436 16.0466 8.66148 15.667 8.26915 15.3143 7.83235 14.9132 7.38778 14.5017 6.92673 14.0646 6.46588 13.6117 5.98219 13.121 5.45659 12.5688 4.81659 11.8678 3.37747 10.1207 
topdown_KCC_58_31.bmp 13.4919 12.0824 10.7254 10.9133 8.22372 9.73046 7.94273 9.60068 7.63875 9.45941 7.31978 9.30778 6.98964 9.14908 6.65563 8.98382 6.30991 8.80564 5.94855 8.6104 5.55617 8.39227 5.02213 8.08959 3.69455 7.2368 
topdown_KCC_58_41.bmp 13.7105 10.1069 11.1636 9.45824 8.66045 8.70206 8.40429 8.61999 8.09799 8.52522 7.81404 8.43212 7.4962 8.32519 7.14813 8.21011 6.7344 8.07385 6.32598 7.92658 5.82412 7.73184 5.3374 7.52054 4.01955 6.87258 
topdown_KCC_66_02.bmp 6.55254 4.82816 5.1949 4.51285 3.86816 4.11525 3.73613 4.06666 3.61288 4.01975 3.481 3.9685 3.34969 3.91699 3.20655 3.8592 3.05369 3.79722 2.88936 3.72909 2.69238 3.64469 2.44512 3.53348 1.72345 3.14843 
topdown_KCC_66_12.bmp 2.73128 1.45695 2.31521 1.44005 1.86949 1.41409 1.81887 1.41013 1.76853 1.40587 1.71405 1.40151 1.65891 1.39637 1.60153 1.39043 1.541 1.38341 1.47482 1.37522 1.40035 1.36515 1.30636 1.35203 1.0899 1.31619 
topdown_KCC_66_21.bmp 5.35624 5.92241 3.99101 5.13495 2.82894 4.34915 2.71472 4.26548 2.5983 4.17898 2.48143 4.0905 2.36175 3.99818 2.2377 3.90097 2.10784 3.79703 1.96676 3.68139 1.81215 3.5507 1.63026 3.3906 1.27705 3.05706 
topdown_KCC_66_31.bmp 17.7548 12.0642 13.9999 11.4993 10.4978 10.6164 10.1083 10.5054 9.70517 10.3864 9.33353 10.269 8.9208 10.1332 8.47973 9.9811 7.99223 9.8068 7.50701 9.61979 6.8991 9.37283 6.14297 9.03857 4.38756 8.07321 
topdown_KCC_66_41.bmp 19.0616 18.0766 15.4095 16.225 11.9475 14.414 11.5768 14.2284 11.1756 14.0289 10.7075 13.7944 10.2746 13.5733 9.79365 13.3252 9.3192 13.0721 8.75259 12.7681 8.07253 12.3949 7.24741 11.9152 5.02101 10.3987 
topdown_KCC_66_51.bmp 3.90242 3.3827 3.15014 3.074 2.44568 2.76292 2.37112 2.72917 2.2966 2.69501 2.21953 2.65957 2.13815 2.62205 2.05378 2.58281 1.96305 2.54039 1.86632 2.49437 1.75687 2.44137 1.62172 2.37489 1.33979 2.22937 
topdown_KCC_75a_01.bmp 21.235 20.9082 16.0601 18.5075 11.0303 15.7597 10.5512 15.4638 10.0324 15.1378 9.4911 14.7884 8.94316 14.4214 8.37274 14.0239 7.79767 13.6066 7.21639 13.1609 6.57439 12.6461 5.78087 11.9746 3.97995 10.2288 
topdown_KCC_75a_21.bmp 13.842 16.416 10.3905 14.1418 7.18049 11.799 6.88673 11.5604 6.56782 11.3002 6.24712 11.0358 5.91748 10.7585 5.57374 10.4638 5.21587 10.1494 4.82116 9.79171 4.38354 9.38081 3.87439 8.87694 2.81414 7.71508 
topdown_KCC_75a_32.bmp 12.7439 9.60235 10.1193 8.9268 7.52354 8.11486 7.24985 8.01768 6.98116 7.91883 6.69127 7.81008 6.37435 7.68887 6.04107 7.55627 5.69993 7.41418 5.31589 7.24542 4.88905 7.04486 4.34952 6.77173 3.08241 5.99501 
topdown_KCC_75b_11.bmp 23.189 24.9662 16.7373 21.5822 10.9464 17.7925 10.4075 17.3791 9.86509 16.9552 9.32473 16.5272 8.71645 16.0284 8.18485 15.5723 7.58663 15.0421 7.01719 14.5129 6.36586 13.883 5.62015 13.1256 3.89643 11.1645 
topdown_KCC_75b_21.bmp 34.3722 30.7782 24.9962 27.4717 17.7643 23.7587 16.9832 23.3307 16.1661 22.8724 15.4297 22.4374 14.6825 21.9745 13.9343 21.4925 13.1936 20.9989 12.3454 20.4244 11.2773 19.6947 9.92097 18.709 5.98202 15.2208 
topdown_KCC_76_01.bmp 30.9865 44.8089 21.1504 36.4572 13.8165 29.0346 13.1671 28.2994 12.5808 27.6186 11.9603 26.886 11.3165 26.1215 10.6707 25.3377 9.9631 24.4764 9.23336 23.5684 8.42313 22.5241 7.44565 21.2208 4.8983 17.4651 
topdown_KCC_76_11.bmp 14.591 15.0729 10.2003 13.0156 6.75655 10.8011 6.43172 10.5595 6.11949 10.3192 5.82056 10.0814 5.5024 9.8236 5.17594 9.55163 4.83713 9.26113 4.48643 8.95067 4.08379 8.58116 3.61699 8.13002 2.65923 7.10968 
topdown_KCC_76_22.bmp 16.724 16.2758 14.3858 14.6999 12.2409 13.3408 11.9491 13.1851 11.6458 13.0526 11.2068 12.8701 10.9292 12.7548 10.4065 12.5377 9.92913 12.3322 9.47781 12.1461 8.86286 11.8849 7.88643 11.4576 5.34656 10.0563 
topdown_KCC_76_31.bmp 3.32881 5.14083 2.63446 4.40264 1.99099 3.72402 1.92567 3.65505 1.85823 3.58425 1.78759 3.51044 1.71421 3.43364 1.63924 3.35489 1.55936 3.2707 1.4734 3.17955 1.37771 3.07734 1.25767 2.94831 1.01636 2.68091 
topdown_KCC_76_41.bmp 3.23037 3.05081 2.46193 2.71783 1.75384 2.35554 1.68306 2.31503 1.61125 2.27282 1.54055 2.23008 1.46918 2.18575 1.3971 2.13967 1.32256 2.09072 1.2422 2.03666 1.1502 1.97349 1.03515 1.89146 0.830114 1.73264 
topdown_KCC_80_11.bmp 5.95127 7.42985 4.55025 6.39646 3.29306 5.40077 3.16776 5.29667 3.04604 5.19382 2.92273 5.08784 2.79578 4.97811 2.66756 4.86583 2.53096 4.74501 2.38807 4.61667 2.23089 4.47316 2.03394 4.29139 1.61111 3.88468 
topdown_KCC_80_21.bmp 21.855 15.6964 16.3401 14.7865 11.3251 13.2466 10.8441 13.0461 10.4034 12.8532 9.91287 12.6366 9.39339 12.3975 8.92453 12.1707 8.32432 11.8691 7.74892 11.5602 7.11738 11.1993 6.32612 10.7194 4.52586 9.44396 
topdown_KCC_80_31.bmp 28.4516 28.3313 21.1817 25.0118 13.5436 20.7033 12.9055 20.2744 12.1848 19.7768 11.4215 19.2255 10.7545 18.7158 10.0688 18.1706 9.38445 17.6037 8.71491 17.0276 8.01556 16.3957 7.16501 15.5966 5.0794 13.4427 
topdown_KCC_80_41.bmp 19.473 28.5824 12.269 22.6418 7.60531 17.5683 7.22414 17.0908 6.86037 16.627 6.46105 16.1108 6.09069 15.621 5.70725 15.1008 5.33462 14.581 4.96648 14.0538 4.52793 13.4146 3.99255 12.6104 2.9354 10.8942 
topdown_KCC_81_11.bmp 41.4033 23.7226 35.1545 22.8987 25.8193 22.5716 25.1163 22.5108 23.8295 22.3536 22.6718 22.1696 21.6131 21.9777 20.1824 21.6817 18.9112 21.3828 17.441 20.9709 15.8897 20.4545 13.8662 19.6783 8.51667 16.6993 
topdown_KCC_81_21.bmp 42.3816 38.5783 29.3153 34.136 18.2693 28.1682 17.4014 27.5771 16.4676 26.9139 15.5008 26.1979 14.641 25.5382 13.6664 24.7607 12.7212 23.9786 11.7436 23.1335 10.7047 22.1983 9.3578 20.9202 6.27656 17.578 
topdown_KCC_81_31.bmp 6.27838 6.71673 4.92576 5.91625 3.62006 5.10707 3.49532 5.02468 3.36156 4.9358 3.22547 4.84444 3.08481 4.74913 2.94276 4.65058 2.79457 4.54608 2.63515 4.43189 2.45271 4.2992 2.22553 4.13 1.74956 3.75081 
topdown_KCC_85_01.bmp 24.7797 17.8113 18.7288 16.7775 13.3277 15.1228 12.7438 14.9041 12.1569 14.678 11.5315 14.4279 10.8495 14.1395 10.1757 13.8332 9.49123 13.4992 8.76159 13.1193 7.96055 12.6693 6.82569 11.9761 4.42334 10.1143 
topdown_KCC_85_11.bmp 21.8733 17.4292 16.4456 16.0035 11.4155 14.0916 10.9268 13.8704 10.3903 13.6192 9.82544 13.3428 9.24633 13.0478 8.67046 12.737 8.05249 12.3861 7.39949 11.9928 6.65312 11.509 5.7605 10.8756 3.98034 9.36641 
topdown_KCC_85_22.bmp 4.59177 6.41638 3.42858 5.4257 2.42831 4.49836 2.32949 4.40185 2.23052 4.30443 2.12818 4.2027 2.02005 4.09466 1.90819 3.98124 1.78566 3.85557 1.65142 3.71477 1.4966 3.54782 1.29511 3.32028 0.91156 2.8318 
topdown_KCC_85_32.bmp 37.0023 51.1095 24.9524 41.738 13.3788 30.8081 12.3166 29.5944 11.2197 28.2782 10.2312 27.0204 9.24154 25.6968 8.32521 24.4004 7.40917 23.0279 6.53033 21.6272 5.63002 20.0925 4.65312 18.2887 3.0023 14.7765 
topdown_KCC_85_42.bmp 10.5346 7.72271 8.26479 7.22694 5.96886 6.5612 5.74053 6.47885 5.50724 6.39113 5.26172 6.29526 5.00837 6.19298 4.75308 6.0846 4.47608 5.96246 4.16764 5.82061 3.83028 5.65351 3.41966 5.43372 2.49103 4.84973 
topdown_KCC_92a_11.bmp 32.9983 42.1853 24.0331 35.6271 16.0576 29.0722 15.2037 28.2999 14.4368 27.5891 13.7453 26.9314 12.8915 26.1046 12.1362 25.353 11.2232 24.4345 10.1388 23.3102 8.9725 22.032 7.55958 20.361 4.72404 16.408 
topdown_KCC_92a_21.bmp 26.7672 25.9992 19.9832 22.9415 14.2306 19.7456 13.5763 19.3613 12.911 18.9639 12.2525 18.5534 11.6024 18.1376 10.8266 17.6296 10.0262 17.0798 9.19751 16.4796 8.2357 15.745 6.96132 14.686 4.21643 11.8526 
topdown_KCC_92a_31.bmp 31.9788 38.3606 21.4946 31.9982 12.6993 24.9259 11.9442 24.1948 11.1893 23.4424 10.4536 22.6807 9.74934 21.9204 9.05371 21.1404 8.35982 20.3293 7.66534 19.4864 6.911 18.5346 5.99256 17.3176 3.81154 14.0288 
topdown_KCC_92a_41.bmp 17.2089 20.9591 12.9472 17.9934 9.03514 15.0323 8.6165 14.694 8.2369 14.3782 7.82498 14.0313 7.41452 13.6773 6.97502 13.2922 6.50655 12.874 6.00601 12.4109 5.45587 11.8815 4.79642 11.2131 3.34157 9.56006 
topdown_KCC_94_01.bmp 11.7553 11.3359 8.15024 9.90149 5.14816 8.15924 4.87541 7.96532 4.6108 7.76962 4.33718 7.56061 4.0619 7.34312 3.77759 7.10962 3.48893 6.86148 3.1909 6.59253 2.87386 6.28974 2.5095 5.91922 1.80347 5.11376 
topdown_KCC_94_11.bmp 21.3348 14.737 16.058 14.0406 10.8271 12.6239 10.3091 12.4226 9.80599 12.2156 9.28934 11.9928 8.68518 11.7262 8.06179 11.4304 7.44686 11.1096 6.81993 10.7552 6.12709 10.3286 5.3066 9.77228 3.51069 8.28496 
topdown_KCC_94_21.bmp 13.2911 10.4074 10.2105 9.61421 7.23563 8.56085 6.9417 8.43522 6.6415 8.30196 6.32549 8.15679 6.01341 8.00745 5.68495 7.84524 5.3301 7.66286 4.93835 7.45125 4.49568 7.19836 3.94344 6.85558 2.82842 6.03394 
topdown_KCC_94_32.bmp 7.11181 5.6821 5.6123 5.22725 4.15338 4.69947 3.99731 4.63736 3.83374 4.57061 3.66552 4.49999 3.49074 4.42498 3.303 4.34137 3.1087 4.25053 2.89929 4.14735 2.66718 4.02643 2.36505 3.85804 1.7202 3.43315 
topdown_KCC_94_41.bmp 9.13288 7.01899 7.16813 6.51217 5.19627 5.86393 4.99047 5.78441 4.78552 5.70254 4.57058 5.61295 4.3622 5.52191 4.13842 5.42083 3.90072 5.30959 3.644 5.18389 3.36127 5.03721 3.00057 4.83821 2.20655 4.32751 
topdown_KCC_94_52.bmp 16.1087 27.927 12.2593 23.4042 8.84071 19.2762 8.52265 18.8821 8.19642 18.4727 7.83221 18.0182 7.47162 17.5641 7.09138 17.0835 6.7006 16.5869 6.2479 16.0085 5.72952 15.3355 5.06158 14.4478 3.44331 12.0782 
topdown_KCC_95_01.bmp 28.9024 39.9201 19.7778 32.6894 12.4881 25.8159 11.7977 25.0836 11.113 24.3425 10.3855 23.5389 9.64483 22.699 8.87703 21.7929 8.11439 20.8575 7.32718 19.844 6.4907 18.7114 5.47473 17.2443 3.55705 14.0615 
topdown_KCC_95_11.bmp 12.6062 10.2634 9.80582 9.40748 6.96273 8.34956 6.67232 8.22308 6.3757 8.08952 6.04922 7.93932 5.73121 7.78488 5.40241 7.61716 5.0518 7.43 4.66821 7.21534 4.24172 6.95976 3.7251 6.62456 2.57993 5.73937 
topdown_KCC_97b_11.bmp 17.6008 15.0325 13.1105 13.6062 9.00785 11.8142 8.59575 11.5985 8.17975 11.3725 7.7831 11.1496 7.35602 10.902 6.91475 10.6349 6.47023 10.3545 6.00153 10.0425 5.52923 9.70953 4.92994 9.26818 3.26741 7.84963 
topdown_KCC_97b_31.bmp 24.4604 19.1671 18.0511 17.7017 12.1874 15.4896 11.5818 15.2045 10.9548 14.8925 10.3918 14.5983 9.75399 14.2498 9.13428 13.891 8.48493 13.4996 7.75171 13.0302 6.96105 12.4855 6.00776 11.7672 3.82828 9.76849 
topdown_KCC_100_21.bmp 4.61209 3.95602 3.71106 3.5991 2.82416 3.22745 2.72856 3.18615 2.63081 3.14273 2.53128 3.09801 2.42756 3.05044 2.31759 2.99925 2.19872 2.94324 2.07116 2.88088 1.92638 2.80777 1.75003 2.71424 1.38397 2.50021 
topdown_KCC_100_31.bmp 2.39256 2.14705 1.89391 1.93807 1.44195 1.72355 1.39574 1.7005 1.34921 1.67704 1.30057 1.65242 1.24961 1.62644 1.19575 1.59884 1.13906 1.56931 1.07768 1.53664 1.00906 1.49935 0.922851 1.45128 0.753637 1.35046 
topdown_KCC_100_41.bmp 3.1934 2.03044 2.65973 1.94291 2.10041 1.84111 2.04176 1.82905 1.97919 1.81613 1.91315 1.80267 1.84411 1.788 1.772 1.77203 1.69537 1.75423 1.61244 1.73412 1.51441 1.70948 1.39133 1.6763 1.12484 1.59183 
topdown_KCC_101_11.bmp 3.10669 2.16179 2.58198 2.03411 2.03992 1.89856 1.9805 1.88292 1.92114 1.86689 1.86001 1.85007 1.79521 1.83247 1.72534 1.81323 1.64923 1.79193 1.5648 1.76788 1.46325 1.73806 1.32594 1.6953 1.0107 1.57305 
topdown_KCC_101_21.bmp 2.30581 1.27675 1.96806 1.24716 1.60558 1.21555 1.56409 1.21198 1.52189 1.20818 1.47662 1.20412 1.429 1.19962 1.37835 1.19468 1.32284 1.18902 1.262 1.18216 1.19321 1.17342 1.10287 1.1609 0.9033 1.12411 
topdown_KCC_101_31.bmp 3.20173 2.08241 2.6666 1.98392 2.09482 1.87361 2.03162 1.86044 1.96606 1.84633 1.89856 1.83153 1.82576 1.81515 1.75233 1.7976 1.6714 1.7777 1.57958 1.75427 1.46751 1.72439 1.30474 1.67678 0.930877 1.52382 
topdown_KCC_101_41.bmp 3.21597 1.80628 2.70552 1.77091 2.17271 1.71797 2.11373 1.71093 2.05572 1.70354 1.99317 1.69528 1.93042 1.68657 1.8645 1.67698 1.79254 1.66661 1.71028 1.65452 1.61685 1.63973 1.49805 1.61934 1.21281 1.55898 
